23:56:31;  4,15;  0,80;   0,0;  1,18;  1,26;   3,3;   5,0;   6,5;   6,0;     0;  0,35
23:57:01;  4,10;  1,00;   0,0;  1,10;  1,20;   3,4;   5,1;   6,3;   6,0;     0; -0,05
23:57:31;  3,95;  1,00;   0,0;  1,08;  1,18;   3,6;   5,1;   6,4;   6,0;     0; -0,15
23:58:02;  3,80;  0,70;   0,0;  1,15;  1,22;   3,6;   5,1;   6,4;   6,0;     0; -0,15
23:58:33;  3,80;  0,70;   0,0;  1,15;  1,22;   3,7;   5,1;   6,5;   6,0;     0;  0,00
23:59:02;  3,80;  0,70;   0,0;  1,16;  1,23;   3,9;   5,1;   6,5;   6,1;     0;  0,00
23:59:32;  3,80;  0,70;   0,0;  1,18;  1,25;   3,9;   5,1;   6,5;   6,0;     0;  0,00
LocalTime;Speed;PDiff*10;CrossFl/10;PIn;POut;TBIn;TBOut;TAIns;TAOuts;CrossFlow;Change;
00:00:03;  3,80; -0,10;   0,0;  1,23;  1,22;   3,9;   5,1;   6,5;   6,0;     0;  0,00
LocalTime;Speed;PDiff*10;CrossFl/10;PIn;POut;TBIn;TBOut;TAIns;TAOuts;CrossFlow;Change;
00:00:07;  4,15; -0,70;   0,0;  1,26;  1,19;   3,9;   5,1;   6,5;   6,0;     0;  0,35
00:00:37;  4,75; -0,30;   0,5;  1,23;  1,20;   3,7;   5,1;   6,5;   6,1;     5;  0,60
00:01:07;  5,15;  0,40;   0,5;  1,19;  1,23;   3,6;   5,1;   6,5;   6,0;     5;  0,40
00:01:38;  5,30;  0,80;   0,5;  1,17;  1,25;   3,4;   5,1;   6,5;   6,1;     5;  0,15
00:02:08;  5,25;  0,90;   0,5;  1,17;  1,26;   3,3;   5,1;   6,5;   6,1;     5; -0,05
00:02:38;  5,15;  0,80;   0,5;  1,18;  1,26;   3,2;   5,0;   6,4;   6,2;     5; -0,10
00:03:09;  5,10;  0,70;   0,5;  1,18;  1,25;   3,1;   5,0;   6,5;   6,2;     5; -0,05
00:03:40;  5,10;  0,60;   0,5;  1,19;  1,25;   2,9;   5,0;   6,5;   6,2;     5;  0,00
00:03:46;  5,15;  0,60;   0,5;  1,19;  1,25;   3,0;   5,0;   6,5;   6,2;     5;  0,05
00:04:15;  5,20;  1,50;   0,5;  1,11;  1,26;   2,8;   5,0;   6,5;   6,2;     5;  0,05
00:04:45;  4,85;  1,30;   0,5;  1,13;  1,26;   2,9;   5,0;   6,5;   6,2;     5; -0,35
00:05:15;  4,60;  1,10;   0,5;  1,17;  1,28;   3,0;   5,0;   6,5;   6,2;     5; -0,25
00:05:47;  4,40;  0,90;   0,5;  1,17;  1,26;   3,1;   5,0;   6,5;   6,2;     5; -0,20
00:06:17;  4,30;  0,80;   0,0;  1,19;  1,27;   3,2;   5,0;   6,5;   6,2;     0; -0,10
00:06:47;  4,30;  0,80;   0,0;  1,19;  1,27;   3,3;   5,0;   6,5;   6,2;     0;  0,00
00:06:53;  4,25; -1,30;   0,0;  1,33;  1,20;   3,3;   5,0;   6,5;   6,2;     0; -0,05
00:07:24;  5,05; -1,50;   4,2;  1,33;  1,18;   3,3;   4,9;   6,5;   6,2;    42;  0,80
00:07:55;  5,95; -0,90;   6,5;  1,29;  1,20;   3,4;   4,9;   6,5;   6,2;    65;  0,90
00:08:25;  6,60;  0,00;   5,4;  1,23;  1,23;   3,4;   4,9;   6,5;   6,2;    54;  0,65
00:08:55;  6,90;  0,90;   2,8;  1,17;  1,26;   3,4;   4,9;   6,5;   6,3;    28;  0,30
00:09:25;  6,80;  1,20;   1,8;  1,13;  1,25;   3,4;   4,9;   6,5;   6,3;    18; -0,10
00:09:57;  6,55;  1,00;   1,4;  1,14;  1,24;   3,4;   4,8;   6,5;   6,3;    14; -0,25
00:10:27;  6,40;  0,80;   1,1;  1,15;  1,23;   3,4;   4,9;   6,5;   6,3;    11; -0,15
00:10:56;  6,35;  0,70;   0,9;  1,17;  1,24;   3,5;   4,8;   6,5;   6,3;     9; -0,05
00:11:27;  6,35;  0,50;   0,8;  1,19;  1,24;   3,6;   4,8;   6,5;   6,3;     8;  0,00
00:11:33;  6,45;  0,50;   0,8;  1,19;  1,24;   3,4;   4,8;   6,5;   6,3;     8;  0,10
00:12:02;  6,55;  0,70;   0,7;  1,16;  1,23;   3,4;   4,8;   6,5;   6,3;     7;  0,10
00:12:31;  6,55;  1,00;   0,6;  1,14;  1,24;   3,4;   4,8;   6,5;   6,3;     6;  0,00
00:12:36;  6,40;  0,70;   0,6;  1,18;  1,25;   3,4;   4,8;   6,5;   6,3;     6; -0,15
00:13:06;  6,40;  0,60;   0,5;  1,17;  1,23;   3,5;   4,8;   6,5;   6,3;     5;  0,00
00:13:37;  6,40;  0,60;   0,0;  1,18;  1,24;   3,7;   4,8;   6,5;   6,3;     0;  0,00
00:14:06;  6,40;  0,70;   0,0;  1,15;  1,22;   3,7;   4,6;   6,5;   6,3;     0;  0,00
00:14:36;  6,40;  0,70;   0,0;  1,16;  1,23;   3,7;   4,6;   6,5;   6,3;     0;  0,00
00:15:06;  6,40;  0,60;   0,0;  1,18;  1,24;   3,9;   4,6;   6,5;   6,3;     0;  0,00
00:15:37;  6,40;  0,40;   0,0;  1,18;  1,22;   3,9;   4,6;   6,5;   6,3;     0;  0,00
00:15:41;  6,55;  0,70;   0,0;  1,16;  1,23;   3,9;   4,6;   6,5;   6,3;     0;  0,15
00:16:12;  6,55;  1,60;   0,0;  1,11;  1,27;   3,9;   4,6;   6,5;   6,3;     0;  0,00
00:16:17;  6,15;  1,60;   0,0;  1,11;  1,27;   3,9;   4,6;   6,5;   6,3;     0; -0,40
00:16:47;  5,75;  2,00;   0,0;  1,06;  1,26;   4,0;   4,6;   6,5;   6,2;     0; -0,40
00:17:18;  5,20;  0,90;   0,0;  1,16;  1,25;   4,0;   4,6;   6,5;   6,2;     0; -0,55
00:17:49;  5,10; -1,10;   0,0;  1,28;  1,17;   3,7;   4,6;   6,5;   6,2;     0; -0,10
00:18:20;  5,85; -0,50;   6,0;  1,24;  1,19;   3,4;   4,6;   6,5;   6,2;    60;  0,75
00:18:51;  6,35;  0,40;   4,7;  1,19;  1,23;   3,4;   4,6;   6,5;   6,2;    47;  0,50
00:19:20;  6,50;  2,00;   2,6;  1,10;  1,30;   3,3;   4,6;   6,5;   6,2;    26;  0,15
00:19:50;  5,95;  2,30;   1,8;  1,03;  1,26;   3,2;   4,6;   6,5;   6,1;    18; -0,55
00:20:21;  5,30;  2,70;   1,3;  0,65;  0,92;   3,1;   4,6;   6,5;   6,1;    13; -0,65
00:20:52;  4,45;  2,00;   1,1;  0,54;  0,74;   3,1;   4,6;   6,5;   6,2;    11; -0,85
00:21:22;  3,90;  1,50;   0,9;  0,59;  0,74;   3,0;   4,6;   6,5;   6,0;     9; -0,55
00:21:55;  3,55;  1,20;   0,8;  0,63;  0,75;   3,0;   4,6;   6,5;   6,0;     8; -0,35
00:22:25;  3,30;  1,10;   0,7;  0,65;  0,76;   3,0;   4,6;   6,5;   6,0;     7; -0,25
00:22:56;  3,10;  0,80;   0,6;  0,68;  0,76;   3,0;   4,6;   6,5;   6,0;     6; -0,20
00:23:26;  3,10;  0,80;   0,5;  0,68;  0,76;   3,0;   4,6;   6,5;   5,9;     5;  0,00
00:23:30;  3,05;  0,80;   0,5;  0,68;  0,76;   3,0;   4,6;   6,5;   5,9;     5; -0,05
00:24:00;  3,05;  0,80;   0,0;  0,69;  0,77;   3,0;   4,6;   6,5;   5,9;     0;  0,00
00:24:31;  3,05;  0,80;   0,0;  0,69;  0,77;   2,9;   4,6;   6,5;   5,9;     0;  0,00
00:25:01;  3,05;  0,80;   0,0;  0,69;  0,77;   2,9;   4,6;   6,4;   5,9;     0;  0,00
00:25:30;  3,05;  0,70;   0,0;  0,70;  0,77;   3,0;   4,6;   6,5;   5,9;     0;  0,00
00:26:00;  3,05;  0,80;   0,0;  0,70;  0,78;   2,9;   4,6;   6,5;   5,9;     0;  0,00
00:26:31;  3,05;  0,80;   0,0;  0,70;  0,78;   2,8;   4,7;   6,5;   5,8;     0;  0,00
00:27:01;  3,05;  0,80;   0,0;  0,70;  0,78;   2,8;   4,7;   6,4;   5,9;     0;  0,00
00:27:32;  3,05;  0,70;   0,0;  0,71;  0,78;   2,8;   4,8;   6,4;   5,9;     0;  0,00
00:28:01;  3,05;  0,80;   0,0;  0,71;  0,79;   2,9;   4,8;   6,5;   5,9;     0;  0,00
00:28:06;  3,00;  0,80;   0,0;  0,71;  0,79;   2,8;   4,8;   6,4;   5,9;     0; -0,05
00:28:36;  2,95;  0,80;   0,0;  0,71;  0,79;   2,8;   4,8;   6,4;   5,8;     0; -0,05
00:29:05;  2,90;  0,80;   0,0;  0,71;  0,79;   2,8;   4,8;   6,4;   5,9;     0; -0,05
00:29:36;  2,85;  0,70;   0,0;  0,72;  0,79;   2,8;   4,8;   6,4;   5,9;     0; -0,05
00:30:08;  2,85;  0,70;   0,0;  0,72;  0,79;   2,8;   4,8;   6,4;   5,7;     0;  0,00
00:30:12;  2,80;  0,70;   0,0;  0,72;  0,79;   2,8;   4,8;   6,4;   5,7;     0; -0,05
00:30:44;  2,80;  0,60;   0,0;  0,73;  0,79;   2,8;   4,8;   6,4;   5,7;     0;  0,00
00:31:13;  2,80;  0,60;   0,0;  0,73;  0,79;   2,7;   4,9;   6,2;   5,6;     0;  0,00
00:31:44;  2,80;  0,60;   0,0;  0,73;  0,79;   2,7;   4,8;   6,3;   5,5;     0;  0,00
00:32:13;  2,80;  0,90;   0,0;  0,71;  0,80;   2,7;   4,8;   6,3;   5,5;     0;  0,00
00:32:18;  2,70;  0,90;   0,0;  0,71;  0,80;   2,7;   4,8;   6,3;   5,5;     0; -0,10
00:32:47;  2,60;  0,80;   0,0;  0,72;  0,80;   2,7;   4,9;   6,3;   5,4;     0; -0,10
00:33:18;  2,60;  0,80;   0,0;  0,72;  0,80;   2,7;   4,9;   6,3;   5,4;     0;  0,00
00:33:48;  2,60;  0,80;   0,0;  0,72;  0,80;   2,8;   4,9;   6,3;   5,4;     0;  0,00
00:34:19;  2,60;  0,80;   0,0;  0,72;  0,80;   2,8;   4,9;   6,3;   5,4;     0;  0,00
00:34:47;  2,60;  0,80;   0,0;  0,73;  0,81;   2,8;   4,9;   6,3;   5,4;     0;  0,00
00:35:18;  2,60;  0,90;   0,0;  0,72;  0,81;   2,8;   4,9;   6,3;   5,4;     0;  0,00
00:35:22;  2,50;  0,90;   0,0;  0,72;  0,81;   2,8;   4,9;   6,3;   5,4;     0; -0,10
00:35:53;  2,40;  0,70;   0,0;  0,73;  0,80;   2,8;   4,9;   6,2;   5,4;     0; -0,10
00:36:24;  2,40;  0,80;   0,0;  0,73;  0,81;   2,8;   4,9;   6,2;   5,4;     0;  0,00
00:36:29;  2,35;  0,80;   0,0;  0,73;  0,81;   2,8;   4,9;   6,3;   5,4;     0; -0,05
00:37:00;  2,35;  0,80;   0,0;  0,73;  0,81;   2,8;   4,9;   6,3;   5,4;     0;  0,00
00:37:31;  2,35;  0,80;   0,0;  0,73;  0,81;   2,8;   4,9;   6,3;   5,4;     0;  0,00
00:38:00;  2,35;  0,80;   0,0;  0,73;  0,81;   2,8;   4,9;   6,2;   5,4;     0;  0,00
00:38:30;  2,35;  0,80;   0,0;  0,73;  0,81;   2,8;   4,9;   6,2;   5,4;     0;  0,00
00:38:59;  2,35;  0,80;   0,0;  0,73;  0,81;   2,7;   4,9;   6,2;   5,5;     0;  0,00
00:39:30;  2,35;  0,80;   0,0;  0,73;  0,81;   2,7;   5,0;   6,3;   5,6;     0;  0,00
00:40:00;  2,35;  0,80;   0,0;  0,73;  0,81;   2,7;   4,9;   6,3;   5,6;     0;  0,00
00:40:30;  2,35;  0,00;   0,0;  0,78;  0,78;   2,6;   4,9;   6,3;   5,6;     0;  0,00
00:40:35;  2,65;  0,00;   0,0;  0,78;  0,78;   2,7;   4,9;   6,3;   5,6;     0;  0,30
00:41:05;  2,95;  0,30;   0,0;  0,76;  0,79;   2,5;   4,9;   6,3;   5,7;     0;  0,30
00:41:35;  3,15;  0,50;   0,0;  0,75;  0,80;   2,5;   5,0;   6,2;   5,7;     0;  0,20
00:42:05;  3,25;  0,70;   0,0;  0,73;  0,80;   2,4;   5,0;   6,2;   5,8;     0;  0,10
00:42:37;  3,25;  0,70;   0,0;  0,73;  0,80;   2,3;   5,0;   6,2;   5,8;     0;  0,00
00:43:06;  3,25;  0,70;   0,0;  0,73;  0,80;   2,2;   5,0;   6,2;   5,9;     0;  0,00
00:43:09;  3,20;  0,70;   0,0;  0,73;  0,80;   2,2;   5,0;   6,3;   5,9;     0; -0,05
00:43:40;  3,20;  0,80;   0,0;  0,73;  0,81;   2,2;   5,0;   6,2;   5,9;     0;  0,00
00:44:11;  3,20;  0,80;   0,0;  0,73;  0,81;   1,9;   5,0;   6,2;   5,9;     0;  0,00
00:44:42;  3,20;  0,70;   0,0;  0,74;  0,81;   1,9;   5,0;   6,2;   5,9;     0;  0,00
00:45:11;  3,20;  0,10;   0,0;  0,77;  0,78;   1,6;   5,0;   6,2;   6,0;     0;  0,00
00:45:15;  3,45;  0,10;   0,0;  0,77;  0,78;   1,7;   5,0;   6,2;   6,0;     0;  0,25
00:45:45;  3,70;  0,40;   0,0;  0,75;  0,79;   1,8;   5,0;   6,2;   6,0;     0;  0,25
00:46:15;  3,85;  0,70;   0,0;  0,73;  0,80;   1,8;   5,0;   6,2;   6,0;     0;  0,15
00:46:46;  3,85;  0,90;   0,0;  0,72;  0,81;   1,8;   5,0;   6,2;   6,0;     0;  0,00
00:46:51;  3,75;  0,80;   0,0;  0,72;  0,80;   1,9;   5,0;   6,3;   6,0;     0; -0,10
00:47:22;  3,75;  0,70;   0,0;  0,73;  0,80;   2,1;   5,0;   6,2;   6,0;     0;  0,00
00:47:51;  3,75;  0,70;   0,0;  0,73;  0,80;   2,3;   5,0;   6,2;   6,0;     0;  0,00
00:48:22;  3,75;  0,80;   0,0;  0,73;  0,81;   2,4;   5,0;   6,2;   6,0;     0;  0,00
00:48:51;  3,75;  0,70;   0,0;  0,73;  0,80;   2,7;   5,0;   6,2;   6,0;     0;  0,00
00:49:22;  3,75;  0,70;   0,0;  0,73;  0,80;   2,8;   5,0;   6,2;   5,9;     0;  0,00
00:49:26;  3,70;  0,70;   0,0;  0,73;  0,80;   2,8;   5,0;   6,2;   5,9;     0; -0,05
00:49:56;  3,70;  0,70;   0,0;  0,73;  0,80;   2,8;   5,0;   6,2;   5,8;     0;  0,00
00:50:27;  3,70;  0,70;   0,0;  0,73;  0,80;   2,8;   5,0;   6,2;   5,7;     0;  0,00
00:50:57;  3,70;  0,70;   0,0;  0,73;  0,80;   2,8;   5,0;   6,2;   5,6;     0;  0,00
00:51:27;  3,70;  0,70;   0,0;  0,73;  0,80;   2,8;   5,0;   6,2;   5,4;     0;  0,00
00:51:57;  3,70;  0,70;   0,0;  0,73;  0,80;   2,8;   4,9;   6,2;   5,5;     0;  0,00
00:52:26;  3,70;  0,70;   0,0;  0,73;  0,80;   2,8;   5,0;   6,2;   5,4;     0;  0,00
00:52:57;  3,70;  0,70;   0,0;  0,73;  0,80;   2,7;   5,0;   6,2;   5,4;     0;  0,00
00:53:26;  3,70;  0,70;   0,0;  0,73;  0,80;   2,8;   4,9;   6,2;   5,4;     0;  0,00
00:53:57;  3,70;  0,70;   0,0;  0,73;  0,80;   2,8;   4,9;   6,2;   5,4;     0;  0,00
00:54:27;  3,70;  0,70;   0,0;  0,73;  0,80;   2,8;   4,9;   6,2;   5,4;     0;  0,00
00:54:31;  3,65;  0,60;   0,0;  0,74;  0,80;   2,9;   4,9;   6,2;   5,4;     0; -0,05
00:55:02;  3,65;  0,60;   0,0;  0,74;  0,80;   2,9;   4,9;   6,2;   5,4;     0;  0,00
00:55:33;  3,65;  0,60;   0,0;  0,74;  0,80;   3,0;   4,9;   6,2;   5,4;     0;  0,00
00:56:03;  3,65;  0,60;   0,0;  0,74;  0,80;   3,0;   4,9;   6,2;   5,4;     0;  0,00
00:56:32;  3,65;  1,10;   0,0;  0,71;  0,82;   3,0;   4,9;   6,2;   5,4;     0;  0,00
00:56:37;  3,45;  1,10;   0,0;  0,71;  0,82;   3,0;   4,9;   6,2;   5,4;     0; -0,20
00:57:07;  3,25;  1,00;   0,0;  0,72;  0,82;   3,1;   4,9;   6,2;   5,4;     0; -0,20
00:57:37;  3,10;  0,90;   0,0;  0,72;  0,81;   3,1;   4,9;   6,2;   5,3;     0; -0,15
00:58:08;  3,00;  0,80;   0,0;  0,73;  0,81;   3,1;   4,9;   6,2;   5,3;     0; -0,10
00:58:39;  3,00;  0,80;   0,0;  0,73;  0,81;   3,1;   4,9;   6,2;   5,3;     0;  0,00
00:59:08;  3,00;  0,80;   0,0;  0,73;  0,81;   3,2;   4,9;   6,0;   5,3;     0;  0,00
00:59:38;  3,00;  0,80;   0,0;  0,73;  0,81;   3,2;   4,9;   6,2;   5,3;     0;  0,00
01:00:08;  3,00;  0,80;   0,0;  0,73;  0,81;   3,3;   4,9;   6,2;   5,3;     0;  0,00
01:00:39;  3,00;  0,80;   0,0;  0,73;  0,81;   3,2;   4,9;   6,2;   5,2;     0;  0,00
01:01:09;  3,00;  0,80;   0,0;  0,73;  0,81;   3,2;   4,9;   6,1;   5,2;     0;  0,00
01:01:14;  2,95;  0,80;   0,0;  0,73;  0,81;   3,2;   4,9;   6,0;   5,2;     0; -0,05
01:01:43;  2,95;  0,80;   0,0;  0,73;  0,81;   3,2;   4,9;   6,1;   5,2;     0;  0,00
01:02:14;  2,95;  0,80;   0,0;  0,73;  0,81;   3,2;   4,9;   6,0;   5,1;     0;  0,00
01:02:43;  2,95;  0,80;   0,0;  0,73;  0,81;   3,2;   4,9;   6,0;   5,1;     0;  0,00
01:03:14;  2,95;  1,00;   0,0;  0,72;  0,82;   3,3;   4,9;   6,1;   5,1;     0;  0,00
01:03:20;  2,80;  1,00;   0,0;  0,72;  0,82;   3,3;   4,9;   6,1;   5,1;     0; -0,15
01:03:49;  2,65;  0,80;   0,0;  0,73;  0,81;   3,3;   4,9;   6,0;   5,1;     0; -0,15
01:04:21;  2,65;  0,80;   0,0;  0,73;  0,81;   3,3;   4,9;   6,0;   5,1;     0;  0,00
01:04:50;  2,65;  0,80;   0,0;  0,73;  0,81;   3,3;   4,9;   6,1;   5,1;     0;  0,00
01:05:19;  2,65;  0,80;   0,0;  0,73;  0,81;   3,3;   4,8;   6,0;   5,1;     0;  0,00
01:05:51;  2,65;  0,80;   0,0;  0,73;  0,81;   3,3;   4,8;   6,0;   5,1;     0;  0,00
01:06:19;  2,65;  0,80;   0,0;  0,73;  0,81;   3,3;   4,9;   6,0;   5,1;     0;  0,00
01:06:50;  2,65;  0,80;   0,0;  0,73;  0,81;   3,3;   4,8;   6,0;   5,1;     0;  0,00
01:06:55;  2,60;  0,80;   0,0;  0,73;  0,81;   3,3;   4,8;   6,0;   5,1;     0; -0,05
01:07:25;  2,60;  0,80;   0,0;  0,73;  0,81;   3,3;   4,8;   6,0;   5,1;     0;  0,00
01:07:56;  2,60;  0,80;   0,0;  0,73;  0,81;   3,3;   4,9;   6,0;   5,1;     0;  0,00
01:08:24;  2,60;  0,80;   0,0;  0,73;  0,81;   3,3;   4,9;   6,0;   5,1;     0;  0,00
01:08:56;  2,60; -0,70;   0,0;  1,15;  1,08;   3,3;   4,9;   6,0;   5,1;     0;  0,00
01:09:02;  3,20; -0,70;   0,0;  1,15;  1,08;   3,3;   4,9;   6,0;   5,1;     0;  0,60
01:09:32;  3,80;  0,70;   0,0;  1,18;  1,25;   3,3;   4,8;   6,0;   5,1;     0;  0,60
01:10:03;  3,80;  0,70;   0,0;  1,08;  1,15;   3,3;   4,9;   6,0;   5,1;     0;  0,00
01:10:32;  3,80;  1,10;   0,0;  1,10;  1,21;   3,4;   4,9;   6,0;   5,1;     0;  0,00
01:10:36;  3,60;  1,10;   0,0;  1,10;  1,21;   3,4;   4,9;   6,0;   5,1;     0; -0,20
01:11:07;  3,40;  0,80;   0,0;  1,14;  1,22;   3,4;   4,9;   6,0;   5,1;     0; -0,20
01:11:38;  3,35;  0,70;   0,0;  1,14;  1,21;   3,4;   4,9;   6,0;   5,1;     0; -0,05
01:12:08;  3,35;  0,70;   0,0;  1,15;  1,22;   3,4;   4,9;   6,0;   5,1;     0;  0,00
01:12:38;  3,35;  0,80;   0,0;  1,15;  1,23;   3,4;   4,9;   6,0;   5,1;     0;  0,00
01:12:42;  3,30;  1,20;   0,0;  1,13;  1,25;   3,4;   4,9;   6,0;   5,1;     0; -0,05
01:13:13;  3,05;  1,00;   0,0;  1,15;  1,25;   3,4;   4,9;   6,0;   5,1;     0; -0,25
01:13:44;  2,90;  1,00;   0,0;  1,17;  1,27;   3,4;   4,9;   5,9;   5,1;     0; -0,15
01:14:14;  2,75;  0,90;   0,0;  1,17;  1,26;   3,4;   4,9;   5,9;   5,2;     0; -0,15
01:14:43;  2,65;  0,90;   0,0;  1,19;  1,28;   3,5;   4,9;   6,0;   5,2;     0; -0,10
01:15:13;  2,55;  0,90;   0,0;  1,19;  1,28;   3,4;   4,9;   6,0;   5,2;     0; -0,10
01:15:43;  2,45;  0,90;   0,0;  1,19;  1,28;   3,4;   4,9;   5,9;   5,3;     0; -0,10
01:16:14;  2,35;  0,80;   0,0;  1,21;  1,29;   3,5;   4,9;   6,0;   5,1;     0; -0,10
01:16:46;  2,35;  0,80;   0,0;  1,21;  1,29;   3,4;   4,9;   5,9;   5,3;     0;  0,00
01:17:14;  2,35;  0,70;   0,0;  1,21;  1,28;   3,4;   4,9;   5,9;   5,3;     0;  0,00
01:17:19;  2,30;  0,70;   0,0;  1,21;  1,28;   3,5;   4,9;   5,9;   5,3;     0; -0,05
01:17:50;  2,30;  0,80;   0,0;  1,21;  1,29;   3,4;   4,9;   5,9;   5,3;     0;  0,00
01:18:19;  2,30;  0,70;   0,0;  1,21;  1,28;   3,4;   4,9;   5,9;   5,3;     0;  0,00
01:18:50;  2,30;  0,80;   0,0;  1,21;  1,29;   3,4;   4,9;   5,9;   5,3;     0;  0,00
01:19:18;  2,30;  0,70;   0,0;  1,21;  1,28;   3,4;   4,9;   5,9;   5,3;     0;  0,00
01:19:50;  2,30;  0,70;   0,0;  1,21;  1,28;   3,4;   4,9;   5,9;   5,3;     0;  0,00
01:20:19;  2,30;  0,80;   0,0;  1,21;  1,29;   3,4;   4,9;   5,9;   5,3;     0;  0,00
01:20:50;  2,30;  0,80;   0,0;  1,20;  1,28;   3,4;   4,9;   5,9;   5,3;     0;  0,00
01:21:19;  2,30;  0,70;   0,0;  1,21;  1,28;   3,4;   4,9;   5,9;   5,3;     0;  0,00
01:21:48;  2,30;  0,80;   0,0;  1,20;  1,28;   3,4;   4,9;   5,9;   5,3;     0;  0,00
01:22:20;  2,30;  0,70;   0,0;  1,19;  1,26;   3,4;   4,9;   5,9;   5,3;     0;  0,00
01:22:25;  2,25;  0,70;   0,0;  1,19;  1,26;   3,4;   5,0;   5,9;   5,3;     0; -0,05
01:22:55;  2,25;  0,60;   0,0;  1,20;  1,26;   3,4;   5,0;   5,9;   5,3;     0;  0,00
01:23:01;  2,30;  0,60;   0,0;  1,20;  1,26;   3,4;   5,0;   5,9;   5,3;     0;  0,05
01:23:32;  2,35;  0,60;   0,0;  1,21;  1,27;   3,4;   5,0;   5,9;   5,3;     0;  0,05
01:24:01;  2,40;  0,90;   0,0;  1,17;  1,26;   3,4;   5,0;   5,9;   5,3;     0;  0,05
01:24:31;  2,30;  0,70;   0,0;  1,20;  1,27;   3,4;   5,0;   5,9;   5,3;     0; -0,10
01:25:02;  2,30;  0,80;   0,0;  1,18;  1,26;   3,5;   5,0;   5,9;   5,3;     0;  0,00
01:25:07;  2,25;  0,80;   0,0;  1,19;  1,27;   3,4;   5,0;   5,9;   5,3;     0; -0,05
01:25:37;  2,25;  0,80;   0,0;  1,20;  1,28;   3,4;   5,0;   5,9;   5,3;     0;  0,00
01:26:07;  2,25;  0,80;   0,0;  1,20;  1,28;   3,4;   5,0;   5,9;   5,3;     0;  0,00
01:26:38;  2,25;  0,60;   0,0;  1,20;  1,26;   3,4;   5,0;   5,9;   5,3;     0;  0,00
01:26:42;  2,30;  0,80;   0,0;  1,18;  1,26;   3,4;   5,0;   5,9;   5,3;     0;  0,05
01:27:12;  2,25;  0,70;   0,0;  1,20;  1,27;   3,5;   5,0;   5,9;   5,3;     0; -0,05
01:27:42;  2,25;  0,70;   0,0;  1,19;  1,26;   3,5;   5,0;   5,9;   5,3;     0;  0,00
01:28:13;  2,25; -0,20;   0,0;  1,24;  1,22;   3,4;   5,0;   5,9;   5,3;     0;  0,00
01:28:17;  2,65; -0,20;   0,0;  1,24;  1,22;   3,4;   5,0;   5,9;   5,3;     0;  0,40
01:28:47;  3,05;  0,40;   0,0;  1,21;  1,25;   3,5;   5,0;   5,9;   5,3;     0;  0,40
01:29:18;  3,20;  0,50;   0,0;  1,21;  1,26;   3,5;   5,0;   5,9;   5,3;     0;  0,15
01:29:48;  3,30;  0,60;   0,0;  0,64;  0,70;   3,4;   5,0;   5,9;   5,3;     0;  0,10
01:30:20;  3,30;  0,00;   1,4;  0,69;  0,69;   3,4;   5,0;   5,9;   5,3;    14;  0,00
01:30:25;  3,60;  0,00;   1,4;  0,70;  0,70;   3,5;   5,0;   5,9;   5,3;    14;  0,30
01:30:55;  3,90;  0,50;   1,4;  0,67;  0,72;   3,4;   5,0;   5,9;   5,3;    14;  0,30
01:31:26;  4,00;  0,80;   1,4;  0,66;  0,74;   3,4;   5,0;   5,9;   5,3;    14;  0,10
01:31:56;  4,00;  0,70;   1,4;  0,67;  0,74;   3,4;   5,0;   5,9;   5,3;    14;  0,00
01:32:26;  4,00;  0,20;   1,3;  0,71;  0,73;   3,4;   5,0;   5,9;   5,3;    13;  0,00
01:32:30;  4,20;  0,30;   1,3;  0,70;  0,73;   3,4;   5,0;   5,9;   5,3;    13;  0,20
01:33:01;  4,40;  0,50;   1,3;  0,69;  0,74;   3,4;   5,0;   5,9;   5,3;    13;  0,20
01:33:31;  4,50;  0,70;   1,3;  0,68;  0,75;   3,4;   5,0;   5,9;   5,3;    13;  0,10
01:34:02;  4,45;  0,80;   1,3;  0,67;  0,75;   3,4;   5,0;   5,9;   5,3;    13; -0,05
01:34:32;  4,45;  0,70;   1,3;  0,68;  0,75;   3,3;   5,0;   5,9;   5,3;    13;  0,00
01:35:02;  4,45;  0,80;   1,0;  0,68;  0,76;   3,3;   5,0;   5,9;   5,3;    10;  0,00
01:35:32;  4,45;  0,80;   0,9;  0,68;  0,76;   3,3;   5,0;   5,9;   5,3;     9;  0,00
01:36:03;  4,45;  0,70;   0,7;  0,69;  0,76;   3,4;   5,0;   5,9;   5,3;     7;  0,00
01:36:31;  4,45;  0,70;   0,6;  0,69;  0,76;   3,4;   5,0;   5,9;   5,3;     6;  0,00
01:37:03;  4,45;  0,70;   0,6;  0,69;  0,76;   3,5;   5,0;   5,9;   5,3;     6;  0,00
01:37:32;  4,45;  0,70;   0,5;  0,69;  0,76;   3,6;   5,0;   5,9;   5,3;     5;  0,00
01:38:02;  4,45;  0,70;   0,0;  0,69;  0,76;   3,7;   5,0;   5,9;   5,3;     0;  0,00
01:38:32;  4,45;  0,80;   0,0;  0,69;  0,77;   3,7;   5,0;   5,9;   5,3;     0;  0,00
01:39:01;  4,45;  0,80;   0,0;  0,69;  0,77;   3,9;   4,9;   5,9;   5,3;     0;  0,00
01:39:05;  4,40;  0,70;   0,0;  0,69;  0,76;   3,8;   5,0;   5,9;   5,3;     0; -0,05
01:39:35;  4,40;  0,70;   0,0;  0,70;  0,77;   3,9;   5,0;   5,9;   5,3;     0;  0,00
01:40:06;  4,40; -1,40;   0,0;  0,83;  0,69;   3,9;   5,0;   5,9;   5,3;     0;  0,00
01:40:11;  5,25; -1,40;   0,0;  0,83;  0,69;   3,9;   5,0;   5,9;   5,3;     0;  0,85
01:40:43;  6,10; -0,70;   6,6;  0,77;  0,70;   4,4;   4,9;   5,9;   5,3;    66;  0,85
01:41:12;  6,70;  0,20;   4,4;  0,70;  0,72;   4,5;   4,9;   5,9;   5,3;    44;  0,60
01:41:43;  6,90;  0,80;   2,4;  0,65;  0,73;   4,6;   4,9;   5,9;   5,2;    24;  0,20
01:42:14;  6,85;  1,10;   1,7;  0,63;  0,74;   4,6;   4,9;   5,9;   5,1;    17; -0,05
01:42:44;  6,65;  1,10;   1,3;  0,63;  0,74;   4,6;   4,9;   5,9;   5,1;    13; -0,20
01:43:15;  6,45;  0,80;   1,0;  0,65;  0,73;   4,6;   4,9;   5,7;   5,0;    10; -0,20
01:43:44;  6,40;  0,60;   0,9;  0,67;  0,73;   4,6;   4,8;   5,7;   4,9;     9; -0,05
01:44:14;  6,40;  0,50;   0,8;  0,68;  0,73;   4,6;   4,8;   5,7;   4,9;     8;  0,00
01:44:18;  6,50;  0,50;   0,7;  0,68;  0,73;   4,6;   4,8;   5,8;   4,9;     7;  0,10
01:44:49;  6,60;  0,60;   0,6;  0,67;  0,73;   4,6;   4,8;   5,7;   4,7;     6;  0,10
01:45:18;  6,60;  0,70;   0,6;  0,66;  0,73;   4,6;   4,7;   5,8;   4,6;     6;  0,00
01:45:49;  6,60;  0,80;   0,5;  0,66;  0,74;   4,6;   4,6;   5,7;   4,6;     5;  0,00
01:46:20;  6,60;  0,70;   0,0;  0,66;  0,73;   4,3;   4,6;   5,6;   4,5;     0;  0,00
01:46:49;  6,60;  0,70;   0,0;  0,66;  0,73;   4,3;   4,6;   5,6;   4,3;     0;  0,00
01:47:19;  6,60; -0,30;   0,0;  0,73;  0,70;   4,5;   4,6;   5,6;   4,3;     0;  0,00
01:47:24;  7,05; -0,30;   0,0;  0,73;  0,70;   4,5;   4,6;   5,6;   4,3;     0;  0,45
01:47:53;  7,50;  2,00;   0,0;  0,58;  0,78;   4,4;   4,6;   5,6;   4,3;     0;  0,45
01:48:24;  6,95;  2,20;   0,0;  0,56;  0,78;   3,9;   4,6;   5,6;   4,2;     0; -0,55
01:48:55;  6,35;  1,70;   0,0;  0,61;  0,78;   3,5;   4,6;   5,4;   4,1;     0; -0,60
01:49:25;  5,95;  1,20;   0,0;  0,65;  0,77;   3,4;   4,6;   5,5;   4,0;     0; -0,40
01:49:56;  5,70;  0,70;   0,0;  0,69;  0,76;   3,1;   4,7;   5,4;   4,0;     0; -0,25
01:50:27;  5,70;  0,50;   0,0;  0,71;  0,76;   2,8;   4,7;   5,4;   4,0;     0;  0,00
01:50:32;  5,80;  0,50;   0,0;  0,71;  0,76;   2,9;   4,7;   5,4;   4,0;     0;  0,10
01:51:02;  5,90;  0,60;   0,0;  0,70;  0,76;   2,8;   4,8;   5,4;   3,9;     0;  0,10
01:51:33;  5,90;  0,70;   0,0;  0,70;  0,77;   2,7;   4,8;   5,4;   3,9;     0;  0,00
01:51:39;  5,85;  0,70;   0,0;  0,70;  0,77;   2,7;   4,8;   5,4;   3,9;     0; -0,05
01:52:09;  5,85;  0,60;   0,0;  0,71;  0,77;   2,6;   4,8;   5,4;   3,9;     0;  0,00
01:52:39;  5,85;  0,60;   0,0;  0,71;  0,77;   2,6;   4,8;   5,4;   3,9;     0;  0,00
01:53:09;  5,85;  0,60;   0,0;  0,71;  0,77;   2,7;   4,8;   5,4;   3,9;     0;  0,00
01:53:39;  5,85;  0,60;   0,0;  0,71;  0,77;   2,7;   4,8;   5,3;   3,9;     0;  0,00
01:54:08;  5,85;  0,60;   0,0;  0,71;  0,77;   2,7;   4,8;   5,4;   3,9;     0;  0,00
01:54:39;  5,85;  0,60;   0,0;  0,71;  0,77;   2,8;   4,8;   5,4;   3,9;     0;  0,00
01:55:10;  5,85;  0,50;   0,0;  0,72;  0,77;   2,9;   4,8;   5,4;   3,9;     0;  0,00
01:55:14;  5,95;  0,50;   0,0;  0,72;  0,77;   2,9;   4,8;   5,4;   3,9;     0;  0,10
01:55:44;  6,05;  2,00;   0,0;  0,63;  0,83;   2,8;   4,9;   5,4;   3,9;     0;  0,10
01:56:15;  5,50;  2,10;   0,0;  0,62;  0,83;   2,8;   4,8;   5,4;   3,9;     0; -0,55
01:56:44;  4,90;  1,70;   0,0;  0,66;  0,83;   2,7;   4,8;   5,4;   3,9;     0; -0,60
01:57:15;  4,50;  1,30;   0,0;  0,69;  0,82;   2,7;   4,8;   5,4;   3,9;     0; -0,40
01:57:46;  4,25;  1,10;   0,0;  0,71;  0,82;   2,5;   4,8;   5,4;   3,9;     0; -0,25
01:58:16;  4,05;  1,00;   0,0;  0,72;  0,82;   2,5;   4,9;   5,4;   3,9;     0; -0,20
01:58:46;  3,90;  0,70;   0,0;  0,74;  0,81;   2,6;   4,8;   5,4;   3,9;     0; -0,15
01:59:17;  3,90;  0,90;   0,0;  0,73;  0,82;   2,6;   4,8;   5,4;   3,9;     0;  0,00
01:59:23;  3,80;  0,80;   0,0;  0,73;  0,81;   2,5;   4,8;   5,4;   3,9;     0; -0,10
01:59:53;  3,80;  0,70;   0,0;  0,74;  0,81;   2,5;   4,8;   5,4;   3,9;     0;  0,00
02:00:23;  3,80;  0,70;   0,0;  0,74;  0,81;   2,5;   4,8;   5,4;   3,9;     0;  0,00
02:00:29;  3,75;  0,70;   0,0;  0,74;  0,81;   2,6;   4,8;   5,4;   4,0;     0; -0,05
02:00:59;  3,75;  0,70;   0,0;  0,74;  0,81;   2,5;   4,6;   5,4;   4,0;     0;  0,00
02:01:30;  3,75;  0,70;   0,0;  0,74;  0,81;   2,7;   4,8;   5,4;   4,0;     0;  0,00
02:01:59;  3,75;  0,70;   0,0;  0,74;  0,81;   2,7;   4,6;   5,4;   4,1;     0;  0,00
02:02:29;  3,75;  0,70;   0,0;  0,74;  0,81;   2,7;   4,6;   5,4;   4,2;     0;  0,00
02:02:59;  3,75;  0,70;   0,0;  0,74;  0,81;   2,7;   4,6;   5,4;   4,2;     0;  0,00
02:03:29;  3,75;  1,10;   0,0;  0,72;  0,83;   2,7;   4,6;   5,4;   4,2;     0;  0,00
02:03:34;  3,55;  1,10;   0,0;  0,72;  0,83;   2,7;   4,6;   5,4;   4,2;     0; -0,20
02:04:05;  3,35;  1,10;   0,0;  0,72;  0,83;   2,8;   4,6;   5,3;   4,3;     0; -0,20
02:04:35;  3,15;  0,90;   0,0;  0,73;  0,82;   2,8;   4,6;   5,3;   4,3;     0; -0,20
02:05:05;  3,05;  0,80;   0,0;  0,74;  0,82;   2,8;   4,6;   5,3;   4,4;     0; -0,10
02:05:36;  3,05;  0,80;   0,0;  0,74;  0,82;   2,8;   4,6;   5,3;   4,4;     0;  0,00
02:06:05;  3,05;  0,80;   0,0;  0,74;  0,82;   2,9;   4,6;   5,3;   4,5;     0;  0,00
02:06:36;  3,05;  0,80;   0,0;  0,74;  0,82;   2,9;   4,6;   5,3;   4,5;     0;  0,00
02:07:05;  3,05;  0,80;   0,0;  0,74;  0,82;   2,9;   4,6;   5,3;   4,5;     0;  0,00
02:07:09;  3,00;  0,80;   0,0;  0,74;  0,82;   2,8;   4,6;   5,3;   4,5;     0; -0,05
02:07:40;  3,00;  0,80;   0,0;  0,74;  0,82;   2,9;   4,7;   5,3;   4,5;     0;  0,00
02:08:11;  3,00;  0,80;   0,0;  0,74;  0,82;   2,9;   4,6;   5,3;   4,5;     0;  0,00
02:08:40;  3,00;  0,80;   0,0;  0,74;  0,82;   3,0;   4,6;   5,3;   4,6;     0;  0,00
02:09:11;  3,00;  0,20;   0,0;  0,78;  0,80;   3,0;   4,6;   5,3;   4,6;     0;  0,00
02:09:16;  3,20;  0,20;   0,0;  0,78;  0,80;   3,0;   4,7;   5,3;   4,6;     0;  0,20
02:09:46;  3,40;  0,60;   0,0;  0,75;  0,81;   3,0;   4,7;   5,3;   4,6;     0;  0,20
02:10:16;  3,40;  0,60;   0,0;  0,75;  0,81;   3,0;   4,7;   5,3;   4,6;     0;  0,00
02:10:47;  3,40;  0,60;   0,0;  0,75;  0,81;   3,0;   4,7;   5,3;   4,6;     0;  0,00
02:11:16;  3,40;  0,70;   0,0;  0,74;  0,81;   3,0;   4,8;   5,3;   4,7;     0;  0,00
02:11:46;  3,40;  0,70;   0,0;  0,74;  0,81;   3,0;   4,7;   5,3;   4,7;     0;  0,00
02:12:16;  3,40;  0,60;   0,0;  0,75;  0,81;   3,0;   4,7;   5,3;   4,6;     0;  0,00
02:12:47;  3,40;  0,70;   0,0;  0,74;  0,81;   3,0;   4,7;   5,3;   4,6;     0;  0,00
02:12:51;  3,35;  0,70;   0,0;  0,74;  0,81;   3,0;   4,8;   5,3;   4,6;     0; -0,05
02:13:22;  3,35;  0,60;   0,0;  0,75;  0,81;   2,9;   4,8;   5,3;   4,6;     0;  0,00
02:13:51;  3,35;  0,60;   0,0;  0,75;  0,81;   2,9;   4,7;   5,3;   4,6;     0;  0,00
02:14:22;  3,35;  0,60;   0,0;  0,75;  0,81;   3,0;   4,7;   5,3;   4,6;     0;  0,00
02:14:51;  3,35;  0,60;   0,0;  0,75;  0,81;   3,0;   4,8;   5,3;   4,6;     0;  0,00
02:15:22;  3,35;  0,60;   0,0;  0,75;  0,81;   3,0;   4,8;   5,3;   4,6;     0;  0,00
02:15:51;  3,35;  0,60;   0,0;  0,75;  0,81;   3,0;   4,8;   5,3;   4,6;     0;  0,00
02:16:21;  3,35;  1,00;   0,0;  0,73;  0,83;   3,0;   4,8;   5,3;   4,6;     0;  0,00
02:16:26;  3,20;  1,00;   0,0;  0,73;  0,83;   3,0;   4,8;   5,3;   4,6;     0; -0,15
02:16:58;  3,05;  0,80;   0,0;  0,74;  0,82;   3,0;   4,8;   5,3;   4,6;     0; -0,15
02:17:29;  3,05;  0,80;   0,0;  0,74;  0,82;   3,0;   4,8;   5,3;   4,6;     0;  0,00
02:17:58;  3,05;  0,80;   0,0;  0,74;  0,82;   3,0;   4,8;   5,3;   4,6;     0;  0,00
02:18:28;  3,05;  0,80;   0,0;  0,74;  0,82;   3,0;   4,8;   5,3;   4,6;     0;  0,00
02:18:32;  3,00;  0,80;   0,0;  0,74;  0,82;   3,0;   4,8;   5,3;   4,6;     0; -0,05
02:19:02;  3,00;  0,80;   0,0;  0,74;  0,82;   3,0;   4,8;   5,3;   4,7;     0;  0,00
02:19:33;  3,00;  0,80;   0,0;  0,74;  0,82;   3,1;   4,8;   5,3;   4,7;     0;  0,00
02:20:02;  3,00;  0,80;   0,0;  0,74;  0,82;   3,1;   4,8;   5,3;   4,6;     0;  0,00
02:20:34;  3,00;  0,80;   0,0;  0,74;  0,82;   3,1;   4,8;   5,3;   4,6;     0;  0,00
02:21:02;  3,00;  0,80;   0,0;  0,74;  0,82;   3,1;   4,8;   5,3;   4,6;     0;  0,00
02:21:33;  3,00;  0,80;   0,0;  0,74;  0,82;   3,0;   4,8;   5,3;   4,6;     0;  0,00
02:22:03;  3,00;  0,80;   0,0;  0,74;  0,82;   3,0;   4,8;   5,3;   4,6;     0;  0,00
02:22:33;  3,00;  0,80;   0,0;  0,74;  0,82;   3,0;   4,8;   5,3;   4,6;     0;  0,00
02:23:03;  3,00;  0,80;   0,0;  0,74;  0,82;   3,0;   4,8;   5,3;   4,6;     0;  0,00
02:23:32;  3,00; -0,30;   0,0;  0,81;  0,78;   3,1;   4,8;   5,3;   4,6;     0;  0,00
02:23:36;  3,45; -0,10;   0,0;  0,79;  0,78;   3,1;   4,8;   5,3;   4,6;     0;  0,45
02:24:06;  3,80;  0,20;   0,0;  0,77;  0,79;   3,0;   4,8;   5,3;   4,6;     0;  0,35
02:24:37;  4,00;  0,60;   0,0;  0,74;  0,80;   3,0;   4,8;   5,3;   4,7;     0;  0,20
02:25:08;  3,95;  0,70;   0,0;  0,74;  0,81;   3,1;   4,8;   5,3;   4,6;     0; -0,05
02:25:38;  3,95;  0,70;   0,0;  0,74;  0,81;   3,1;   4,8;   5,3;   4,6;     0;  0,00
02:26:08;  3,95; -1,20;   1,0;  1,17;  1,05;   3,1;   4,8;   5,3;   4,6;    10;  0,00
02:26:12;  4,75; -1,20;   1,2;  1,17;  1,05;   3,1;   4,9;   5,3;   4,6;    12;  0,80
02:26:43;  5,55; -0,60;   5,7;  1,24;  1,18;   3,3;   4,9;   5,3;   4,6;    57;  0,80
02:27:13;  6,10;  0,40;   4,9;  1,19;  1,23;   3,3;   4,8;   5,3;   4,6;    49;  0,55
02:27:44;  6,25;  0,90;   2,6;  1,09;  1,18;   3,3;   4,8;   5,3;   4,6;    26;  0,15
02:28:14;  6,15;  1,10;   1,8;  1,10;  1,21;   3,3;   4,9;   5,3;   4,6;    18; -0,10
02:28:44;  5,95;  0,90;   1,4;  1,14;  1,23;   3,3;   4,9;   5,3;   4,6;    14; -0,20
02:29:15;  5,85;  1,60;   1,1;  1,09;  1,25;   3,3;   4,8;   5,3;   4,6;    11; -0,10
02:29:45;  5,45;  1,30;   0,9;  1,13;  1,26;   3,2;   4,8;   5,3;   4,6;     9; -0,40
02:30:16;  5,20;  1,30;   0,8;  1,13;  1,26;   3,2;   4,8;   5,3;   4,6;     8; -0,25
02:30:47;  4,95;  1,30;   0,7;  1,14;  1,27;   3,3;   4,8;   5,3;   4,6;     7; -0,25
02:31:16;  4,70;  1,00;   0,6;  1,16;  1,26;   3,3;   4,8;   5,3;   4,6;     6; -0,25
02:31:47;  4,55;  0,70;   0,5;  1,19;  1,26;   3,3;   4,8;   5,3;   4,6;     5; -0,15
02:32:18;  4,55;  0,40;   0,0;  1,21;  1,25;   3,3;   4,7;   5,3;   4,6;     0;  0,00
02:32:24;  4,70;  0,40;   0,0;  1,21;  1,25;   3,3;   4,7;   5,3;   4,6;     0;  0,15
02:32:54;  4,85;  0,80;   0,0;  1,19;  1,27;   3,3;   4,7;   5,3;   4,6;     0;  0,15
02:33:25;  4,85;  1,00;   0,0;  1,17;  1,27;   3,3;   4,6;   5,3;   4,6;     0;  0,00
02:33:30;  4,70;  1,00;   0,0;  1,17;  1,27;   3,4;   4,6;   5,3;   4,6;     0; -0,15
02:34:00;  4,55;  1,20;   0,0;  1,16;  1,28;   3,4;   4,6;   5,3;   4,6;     0; -0,15
02:34:30;  4,30;  1,10;   0,0;  1,16;  1,27;   3,5;   4,7;   5,3;   4,6;     0; -0,25
02:35:00;  4,10;  1,00;   0,0;  1,18;  1,28;   3,6;   4,6;   5,3;   4,6;     0; -0,20
02:35:31;  3,95;  0,90;   0,0;  1,18;  1,27;   3,7;   4,6;   5,3;   4,6;     0; -0,15
02:36:02;  3,85;  0,90;   0,0;  1,18;  1,27;   3,7;   4,6;   5,3;   4,6;     0; -0,10
02:36:32;  3,75;  0,90;   0,0;  1,18;  1,27;   3,7;   4,6;   5,3;   4,6;     0; -0,10
02:37:02;  3,65;  1,20;   0,0;  0,59;  0,71;   3,7;   4,6;   5,3;   4,6;     0; -0,10
02:37:33;  3,40;  1,20;   0,0;  0,61;  0,73;   3,7;   4,6;   5,2;   4,6;     0; -0,25
02:38:03;  3,15;  1,00;   0,0;  0,64;  0,74;   3,7;   4,6;   5,3;   4,6;     0; -0,25
02:38:34;  3,00;  0,90;   0,0;  0,65;  0,74;   3,7;   4,6;   5,3;   4,6;     0; -0,15
02:39:06;  2,90;  0,90;   0,0;  0,66;  0,75;   3,7;   4,6;   5,3;   4,6;     0; -0,10
02:39:35;  2,80;  0,80;   0,0;  0,67;  0,75;   3,7;   4,6;   5,3;   4,6;     0; -0,10
02:40:06;  2,80;  0,80;   0,0;  0,67;  0,75;   3,7;   4,6;   5,3;   4,6;     0;  0,00
02:40:36;  2,80;  0,80;   0,0;  0,68;  0,76;   3,7;   4,6;   5,3;   4,6;     0;  0,00
02:41:06;  2,80;  0,80;   0,0;  0,68;  0,76;   3,7;   4,6;   5,2;   4,6;     0;  0,00
02:41:35;  2,80;  0,80;   0,0;  0,68;  0,76;   3,7;   4,6;   5,2;   4,6;     0;  0,00
02:42:06;  2,80;  0,80;   0,0;  0,68;  0,76;   3,7;   4,6;   5,2;   4,6;     0;  0,00
02:42:35;  2,80;  1,00;   0,0;  0,68;  0,78;   3,7;   4,7;   5,3;   4,6;     0;  0,00
02:42:40;  2,65;  1,00;   0,0;  0,68;  0,78;   3,7;   4,6;   5,3;   4,6;     0; -0,15
02:43:11;  2,50;  1,00;   0,0;  0,68;  0,78;   3,7;   4,6;   5,2;   4,6;     0; -0,15
02:43:41;  2,35;  0,90;   0,0;  0,69;  0,78;   3,7;   4,6;   5,3;   4,6;     0; -0,15
02:44:12;  2,25;  0,20;   0,0;  0,73;  0,75;   3,8;   4,6;   5,2;   4,5;     0; -0,10
02:44:43;  2,50;  0,10;   0,0;  0,74;  0,75;   3,7;   4,6;   5,3;   4,5;     0;  0,25
02:45:13;  2,75;  0,40;   0,0;  0,72;  0,76;   3,7;   4,6;   5,2;   4,5;     0;  0,25
02:45:44;  2,90;  0,80;   0,0;  0,70;  0,78;   3,7;   4,8;   5,1;   4,5;     0;  0,15
02:46:14;  2,85;  0,90;   0,0;  0,69;  0,78;   3,7;   4,8;   5,3;   4,5;     0; -0,05
02:46:43;  2,75;  0,90;   0,0;  0,69;  0,78;   3,7;   4,8;   5,3;   4,5;     0; -0,10
02:47:14;  2,65;  0,90;   0,0;  0,70;  0,79;   3,6;   4,8;   5,2;   4,5;     0; -0,10
02:47:44;  2,55;  0,70;   0,0;  0,71;  0,78;   3,6;   4,8;   5,2;   4,5;     0; -0,10
02:48:15;  2,55;  0,80;   0,0;  0,71;  0,79;   3,6;   4,8;   5,2;   4,5;     0;  0,00
02:48:21;  2,50;  0,80;   0,0;  0,71;  0,79;   3,6;   4,8;   5,2;   4,5;     0; -0,05
02:48:50;  2,45;  0,80;   0,0;  0,71;  0,79;   3,6;   4,8;   5,2;   4,5;     0; -0,05
02:49:21;  2,40;  0,80;   0,0;  0,71;  0,79;   3,5;   4,8;   5,2;   4,5;     0; -0,05
02:49:52;  2,35;  0,80;   0,0;  0,71;  0,79;   3,6;   4,8;   5,1;   4,5;     0; -0,05
02:50:23;  2,30;  0,80;   0,0;  0,71;  0,79;   3,5;   4,8;   5,2;   4,4;     0; -0,05
02:50:53;  2,25;  0,70;   0,0;  0,72;  0,79;   3,5;   4,9;   5,2;   4,5;     0; -0,05
02:51:24;  2,25;  0,70;   0,0;  0,72;  0,79;   3,5;   4,8;   5,2;   4,5;     0;  0,00
02:51:53;  2,25;  0,70;   0,0;  0,72;  0,79;   3,4;   4,9;   5,1;   4,5;     0;  0,00
02:52:24;  2,25;  0,70;   0,0;  0,72;  0,79;   3,5;   4,9;   5,2;   4,5;     0;  0,00
02:52:54;  2,25;  0,70;   0,0;  0,72;  0,79;   3,4;   4,9;   5,2;   4,5;     0;  0,00
02:53:22;  2,25;  0,70;   0,0;  0,72;  0,79;   3,4;   4,9;   5,1;   4,5;     0;  0,00
02:53:53;  2,25;  0,70;   0,0;  0,72;  0,79;   3,4;   4,9;   5,1;   4,5;     0;  0,00
02:54:23;  2,25;  0,70;   0,0;  0,72;  0,79;   3,4;   4,9;   5,1;   4,5;     0;  0,00
02:54:54;  2,25;  0,70;   0,0;  0,72;  0,79;   3,4;   4,9;   5,1;   4,5;     0;  0,00
02:55:23;  2,25;  0,70;   0,0;  0,72;  0,79;   3,4;   4,9;   5,2;   4,5;     0;  0,00
02:55:28;  2,20;  0,70;   0,0;  0,72;  0,79;   3,5;   4,9;   5,1;   4,5;     0; -0,05
02:55:59;  2,20;  0,60;   0,0;  0,73;  0,79;   3,6;   4,9;   5,1;   4,5;     0;  0,00
02:56:30;  2,20;  0,60;   0,0;  0,73;  0,79;   3,5;   4,9;   5,1;   4,5;     0;  0,00
02:56:59;  2,20;  0,60;   0,0;  0,73;  0,79;   3,6;   4,9;   5,2;   4,5;     0;  0,00
02:57:30;  2,20;  0,70;   0,0;  0,72;  0,79;   3,6;   4,9;   5,1;   4,5;     0;  0,00
02:57:58;  2,20;  0,70;   0,0;  0,72;  0,79;   3,6;   4,9;   5,2;   4,5;     0;  0,00
02:58:29;  2,20;  0,60;   0,0;  0,73;  0,79;   3,6;   4,9;   5,2;   4,5;     0;  0,00
02:58:59;  2,20;  0,60;   0,0;  0,73;  0,79;   3,6;   4,9;   5,1;   4,5;     0;  0,00
02:59:29;  2,20;  0,60;   0,0;  0,73;  0,79;   3,6;   4,9;   5,1;   4,5;     0;  0,00
02:59:59;  2,20;  0,60;   0,0;  0,73;  0,79;   3,6;   5,0;   5,1;   4,5;     0;  0,00
03:00:28;  2,20;  0,60;   0,0;  0,73;  0,79;   3,6;   5,0;   5,1;   4,5;     0;  0,00
03:00:32;  2,15;  0,60;   0,0;  0,73;  0,79;   3,6;   5,0;   5,1;   4,5;     0; -0,05
03:01:02;  2,15;  0,60;   0,0;  0,73;  0,79;   3,6;   5,0;   5,1;   4,5;     0;  0,00
03:01:33;  2,15;  0,70;   0,0;  0,73;  0,80;   3,7;   5,0;   5,2;   4,5;     0;  0,00
03:02:02;  2,15;  0,60;   0,0;  0,73;  0,79;   3,7;   4,9;   5,1;   4,5;     0;  0,00
03:02:34;  2,15;  0,60;   0,0;  0,73;  0,79;   3,7;   4,9;   5,1;   4,5;     0;  0,00
03:03:02;  2,15;  0,60;   0,0;  0,73;  0,79;   3,7;   5,0;   5,1;   4,5;     0;  0,00
03:03:33;  2,15;  0,60;   0,0;  0,73;  0,79;   3,7;   5,0;   5,1;   4,5;     0;  0,00
03:04:03;  2,15;  0,60;   0,0;  0,73;  0,79;   3,7;   5,0;   5,2;   4,5;     0;  0,00
03:04:33;  2,15;  0,60;   0,0;  0,73;  0,79;   3,7;   5,0;   5,1;   4,5;     0;  0,00
03:05:03;  2,15;  0,60;   0,0;  0,73;  0,79;   3,7;   5,0;   5,1;   4,5;     0;  0,00
03:05:32;  2,15;  0,60;   0,0;  0,73;  0,79;   3,7;   5,0;   5,2;   4,5;     0;  0,00
03:05:36;  2,10;  0,60;   0,0;  0,73;  0,79;   3,7;   5,0;   5,1;   4,5;     0; -0,05
03:06:07;  2,10; -0,70;   0,0;  0,80;  0,73;   3,7;   5,0;   5,1;   4,6;     0;  0,00
03:06:12;  2,70; -0,70;   0,0;  0,80;  0,73;   3,7;   5,0;   5,1;   4,6;     0;  0,60
03:06:42;  3,30;  0,30;   0,0;  0,75;  0,78;   3,7;   5,0;   5,1;   4,6;     0;  0,60
03:07:13;  3,50;  0,80;   0,0;  0,71;  0,79;   3,7;   5,0;   5,1;   4,6;     0;  0,20
03:07:43;  3,45;  0,70;   0,0;  1,01;  1,08;   3,6;   5,0;   5,1;   4,6;     0; -0,05
03:08:14;  3,45;  0,00;   0,0;  1,20;  1,20;   3,5;   5,0;   5,1;   4,6;     0;  0,00
03:08:19;  3,75;  0,30;   0,8;  1,19;  1,22;   3,4;   5,0;   5,1;   4,6;     8;  0,30
03:08:49;  3,95;  0,40;   2,9;  1,15;  1,19;   3,4;   5,0;   5,1;   4,6;    29;  0,20
03:09:20;  4,10;  0,20;   2,9;  1,15;  1,17;   3,4;   5,0;   5,1;   4,6;    29;  0,15
03:09:50;  4,35;  0,20;   1,9;  1,17;  1,19;   3,4;   5,0;   5,1;   4,6;    19;  0,25
03:10:20;  4,55;  0,80;   1,4;  1,13;  1,21;   3,3;   5,0;   5,1;   4,6;    14;  0,20
03:10:51;  4,50;  0,70;   1,1;  1,15;  1,22;   3,3;   5,0;   5,1;   4,6;    11; -0,05
03:11:22;  4,50;  0,70;   0,9;  1,17;  1,24;   3,3;   5,0;   5,1;   4,6;     9;  0,00
03:11:50;  4,50;  1,20;   0,8;  1,15;  1,27;   3,3;   5,0;   5,1;   4,6;     8;  0,00
03:11:55;  4,25;  1,20;   0,8;  1,14;  1,26;   3,3;   5,0;   5,1;   4,6;     8; -0,25
03:12:25;  4,00;  1,10;   0,7;  1,15;  1,26;   3,4;   5,0;   5,1;   4,6;     7; -0,25
03:12:56;  3,80;  0,80;   0,6;  1,18;  1,26;   3,5;   5,0;   5,1;   4,6;     6; -0,20
03:13:27;  3,75; -1,40;   7,5;  1,31;  1,17;   3,6;   5,0;   5,1;   4,6;    75; -0,05
03:13:57;  4,60; -1,40;   7,8;  1,31;  1,17;   3,7;   5,0;   5,1;   4,6;    78;  0,85
03:14:27;  5,45;  0,30;   7,0;  1,20;  1,23;   3,7;   5,0;   5,1;   4,6;    70;  0,85
03:14:58;  5,65;  0,40;   3,7;  1,20;  1,24;   3,7;   5,0;   5,1;   4,6;    37;  0,20
03:15:29;  5,80;  0,80;   2,2;  1,18;  1,26;   3,7;   5,0;   5,1;   4,6;    22;  0,15
03:15:59;  5,75;  0,70;   1,6;  1,17;  1,24;   3,6;   5,0;   5,1;   4,6;    16; -0,05
03:16:29;  5,75; -0,10;   1,4;  1,23;  1,22;   3,4;   4,9;   5,1;   4,6;    14;  0,00
03:16:34;  6,10; -0,10;   1,4;  1,23;  1,22;   3,4;   5,0;   5,1;   4,7;    14;  0,35
03:17:04;  6,45;  0,20;   1,4;  1,22;  1,24;   3,4;   5,0;   5,1;   4,7;    14;  0,35
03:17:35;  6,70;  0,90;   1,4;  1,16;  1,25;   3,5;   5,0;   5,2;   4,8;    14;  0,25
03:18:06;  6,60;  1,00;   1,4;  1,14;  1,24;   3,5;   5,0;   5,1;   4,8;    14; -0,10
03:18:35;  6,45;  0,80;   1,2;  1,16;  1,24;   3,6;   4,9;   5,1;   4,8;    12; -0,15
03:19:06;  6,40;  0,60;   1,0;  1,18;  1,24;   3,7;   4,9;   5,2;   4,8;    10; -0,05
03:19:37;  6,40;  0,60;   0,8;  1,17;  1,23;   3,7;   4,9;   5,2;   4,8;     8;  0,00
03:20:07;  6,40;  0,60;   0,7;  1,18;  1,24;   3,7;   4,9;   5,1;   4,9;     7;  0,00
03:20:37;  6,40;  0,70;   0,6;  1,17;  1,24;   3,9;   4,8;   5,1;   4,9;     6;  0,00
03:21:06;  6,40;  0,60;   0,6;  1,18;  1,24;   3,9;   4,8;   5,1;   4,9;     6;  0,00
03:21:36;  6,40;  1,50;   0,5;  1,11;  1,26;   3,9;   4,8;   5,2;   4,9;     5;  0,00
03:21:41;  6,05;  1,50;   0,5;  1,11;  1,26;   3,9;   4,7;   5,2;   4,9;     5; -0,35
03:22:11;  5,70;  1,40;   0,0;  1,10;  1,24;   4,1;   4,6;   5,1;   4,9;     0; -0,35
03:22:42;  5,40;  0,70;   0,0;  1,18;  1,25;   4,2;   4,6;   5,2;   4,9;     0; -0,30
03:23:12;  5,35;  0,60;   0,0;  1,17;  1,23;   4,3;   4,6;   5,2;   4,9;     0; -0,05
03:23:43;  5,35; -0,50;   0,0;  1,25;  1,20;   4,0;   4,6;   5,2;   5,0;     0;  0,00
03:23:48;  5,85; -0,50;   0,0;  1,25;  1,20;   4,0;   4,6;   5,2;   5,0;     0;  0,50
03:24:19;  6,35;  0,40;   0,0;  1,18;  1,22;   3,7;   4,6;   5,2;   5,0;     0;  0,50
03:24:49;  6,50; -0,80;   2,9;  1,27;  1,19;   3,4;   4,7;   5,3;   5,0;    29;  0,15
03:25:18;  7,10; -0,70;   6,3;  1,24;  1,17;   3,4;   4,6;   5,2;   5,0;    63;  0,60
03:25:49;  7,70;  0,00;   4,4;  1,20;  1,20;   3,4;   4,6;   5,2;   5,0;    44;  0,60
03:26:20;  8,00;  0,70;   4,3;  1,16;  1,23;   3,2;   4,6;   5,2;   5,0;    43;  0,30
03:26:51;  8,00;  1,10;   2,9;  1,11;  1,22;   3,2;   4,6;   5,2;   5,0;    29;  0,00
03:26:57;  7,80;  1,10;   2,6;  1,11;  1,22;   3,1;   4,6;   5,2;   5,0;    26; -0,20
03:27:26;  7,60;  0,80;   1,8;  1,14;  1,22;   3,2;   4,6;   5,2;   5,0;    18; -0,20
03:27:56;  7,55;  0,50;   1,4;  1,16;  1,21;   3,2;   4,6;   5,3;   5,0;    14; -0,05
03:28:27;  7,65;  0,70;   1,1;  1,15;  1,22;   3,2;   4,6;   5,3;   5,0;    11;  0,10
03:28:58;  7,65;  0,70;   0,9;  1,14;  1,21;   3,3;   4,6;   5,3;   5,0;     9;  0,00
03:29:26;  7,65;  3,00;   0,8;  0,40;  0,70;   3,2;   4,6;   5,2;   5,0;     8;  0,00
03:29:31;  6,70;  3,00;   0,8;  0,40;  0,70;   3,1;   4,6;   5,3;   5,0;     8; -0,95
03:30:01;  5,75;  2,20;   0,7;  0,50;  0,72;   3,1;   4,6;   5,3;   5,1;     7; -0,95
03:30:32;  5,10;  1,70;   0,6;  0,56;  0,73;   3,1;   4,6;   5,2;   5,1;     6; -0,65
03:31:02;  4,65;  1,20;   0,5;  0,61;  0,73;   3,1;   4,6;   5,3;   5,1;     5; -0,45
03:31:34;  4,40;  1,30;   0,0;  0,62;  0,75;   3,1;   4,6;   5,3;   5,1;     0; -0,25
03:32:03;  4,15;  1,10;   0,0;  0,64;  0,75;   3,3;   4,7;   5,3;   5,1;     0; -0,25
03:32:34;  3,95;  0,90;   0,0;  0,66;  0,75;   3,3;   4,7;   5,3;   5,1;     0; -0,20
03:33:04;  3,85;  0,70;   0,0;  0,68;  0,75;   3,3;   4,6;   5,3;   5,1;     0; -0,10
03:33:35;  3,85;  0,60;   0,0;  0,69;  0,75;   3,3;   4,7;   5,3;   5,1;     0;  0,00
03:34:04;  3,85;  0,60;   0,0;  0,69;  0,75;   3,3;   4,6;   5,3;   5,2;     0;  0,00
03:34:36;  3,85;  0,60;   0,0;  0,70;  0,76;   3,3;   4,7;   5,3;   5,1;     0;  0,00
03:35:05;  3,85;  0,60;   0,0;  0,70;  0,76;   3,3;   4,6;   5,3;   5,1;     0;  0,00
03:35:35;  3,85;  0,60;   0,0;  0,70;  0,76;   3,3;   4,6;   5,3;   5,2;     0;  0,00
03:36:05;  3,85;  0,60;   0,0;  0,70;  0,76;   3,3;   4,6;   5,3;   5,3;     0;  0,00
03:36:10;  3,80;  0,50;   0,0;  0,71;  0,76;   3,3;   4,6;   5,3;   5,3;     0; -0,05
03:36:39;  3,90;  0,50;   0,0;  0,71;  0,76;   3,3;   4,6;   5,3;   5,3;     0;  0,10
18:03:23;  3,90; -0,30;   5,7;  0,77;  0,74;   3,4;   4,9;   5,3;   4,6;    57;  0,00
18:03:28;  4,30; -0,20;   5,2;  0,77;  0,75;   3,4;   4,9;   5,3;   4,6;    52;  0,40
18:03:58;  4,70;  0,10;   5,2;  0,74;  0,75;   3,5;   4,9;   5,4;   4,6;    52;  0,40
18:04:29;  4,95;  0,90;   2,8;  0,68;  0,77;   3,5;   4,9;   5,4;   4,6;    28;  0,25
18:05:01;  4,85;  0,70;   1,8;  0,69;  0,76;   3,6;   4,9;   5,4;   4,5;    18; -0,10
18:05:30;  4,80;  0,80;   1,4;  0,69;  0,77;   3,6;   4,9;   5,4;   4,5;    14; -0,05
18:06:00;  4,80;  0,70;   1,1;  0,70;  0,77;   3,6;   4,9;   5,4;   4,5;    11;  0,00
18:06:31;  4,80;  0,60;   0,9;  0,70;  0,76;   3,6;   4,9;   5,4;   4,5;     9;  0,00
18:07:00;  4,80;  0,60;   0,8;  0,70;  0,76;   3,6;   4,9;   5,4;   4,6;     8;  0,00
18:07:30;  4,80;  0,60;   0,7;  0,70;  0,76;   3,5;   4,8;   5,3;   4,6;     7;  0,00
18:07:59;  4,80;  0,60;   0,6;  0,70;  0,76;   3,6;   4,8;   5,3;   4,6;     6;  0,00
18:08:30;  4,80;  0,60;   0,5;  0,70;  0,76;   3,6;   4,8;   5,3;   4,6;     5;  0,00
18:09:01;  4,80; -1,30;   0,0;  0,82;  0,69;   3,6;   4,8;   5,3;   4,6;     0;  0,00
18:09:05;  5,60; -1,30;   0,0;  0,82;  0,69;   3,6;   4,8;   5,3;   4,6;     0;  0,80
18:09:36;  6,40;  0,10;   6,5;  0,71;  0,72;   3,6;   4,7;   5,3;   4,6;    65;  0,80
18:10:08;  6,65;  0,10;   4,3;  0,70;  0,71;   3,6;   4,8;   5,3;   4,6;    43;  0,25
18:10:39;  6,90;  0,40;   2,4;  0,68;  0,72;   3,6;   4,7;   5,3;   4,6;    24;  0,25
18:11:10;  7,05;  1,70;   1,7;  0,59;  0,76;   3,7;   4,6;   5,3;   4,6;    17;  0,15
18:11:40;  6,60;  1,70;   1,3;  0,59;  0,76;   3,9;   4,6;   5,3;   4,6;    13; -0,45
18:12:11;  6,15;  1,30;   1,0;  0,62;  0,75;   3,9;   4,6;   5,3;   4,6;    10; -0,45
18:12:41;  5,90;  1,00;   0,9;  0,65;  0,75;   3,9;   4,6;   5,3;   4,6;     9; -0,25
18:13:11;  5,75;  0,70;   0,7;  0,67;  0,74;   3,9;   4,6;   5,3;   4,6;     7; -0,15
18:13:42;  5,75;  0,40;   0,6;  0,69;  0,73;   4,0;   4,6;   5,3;   4,5;     6;  0,00
18:13:47;  5,90;  0,50;   0,6;  0,69;  0,74;   4,0;   4,6;   5,3;   4,5;     6;  0,15
18:14:18;  6,00;  0,60;   0,6;  0,68;  0,74;   4,0;   4,6;   5,3;   4,5;     6;  0,10
18:14:49;  6,00;  0,80;   0,5;  0,66;  0,74;   4,0;   4,6;   5,3;   4,5;     5;  0,00
18:15:18;  6,00;  0,80;   0,0;  0,66;  0,74;   4,0;   4,6;   5,3;   4,5;     0;  0,00
18:15:23;  5,95;  0,80;   0,0;  0,66;  0,74;   4,0;   4,6;   5,3;   4,5;     0; -0,05
18:15:53;  5,95;  0,70;   0,0;  0,67;  0,74;   4,0;   4,6;   5,3;   4,5;     0;  0,00
18:16:22;  5,95;  0,70;   0,0;  0,67;  0,74;   4,1;   4,6;   5,3;   4,5;     0;  0,00
18:16:52;  5,95;  0,70;   0,0;  0,67;  0,74;   4,3;   4,6;   5,3;   4,5;     0;  0,00
18:17:24;  5,95;  0,70;   0,0;  0,67;  0,74;   4,2;   4,6;   5,3;   4,5;     0;  0,00
18:18:28;  5,95;  0,70;   0,0;  0,67;  0,74;   3,7;   4,6;   5,4;   4,6;     0;  0,00
18:19:47;  5,90;  0,60;   0,0;  0,68;  0,74;   3,4;   4,6;   5,4;   4,6;     0;  0,00
18:19:52;  5,85;  0,60;   0,0;  0,68;  0,74;   3,4;   4,6;   5,4;   4,6;     0; -0,05
18:20:23;  5,85;  0,60;   0,0;  0,68;  0,74;   3,4;   4,6;   5,3;   4,6;     0;  0,00
18:20:52;  5,85;  0,70;   0,0;  1,02;  1,09;   3,4;   4,6;   5,4;   4,6;     0;  0,00
18:21:23;  5,85; -1,00;   5,9;  1,16;  1,06;   3,4;   4,6;   5,4;   4,6;    59;  0,00
18:21:28;  7,25; -1,00;   5,9;  1,22;  1,12;   3,4;   4,6;   5,4;   4,6;    59;  1,40
18:22:00;  8,65;  2,00;   3,7;  1,02;  1,22;   3,4;   4,6;   5,4;   4,6;    37;  1,40
18:22:31;  8,35;  1,90;   2,2;  0,94;  1,13;   3,4;   4,6;   5,4;   4,6;    22; -0,30
18:23:01;  8,10;  1,10;   1,6;  1,06;  1,17;   3,4;   4,6;   5,4;   4,6;    16; -0,25
18:23:31;  8,00;  0,80;   1,2;  1,10;  1,18;   3,4;   4,7;   5,4;   4,5;    12; -0,10
18:24:03;  8,00;  0,70;   1,0;  1,12;  1,19;   3,4;   4,6;   5,4;   4,6;    10;  0,00
18:24:33;  8,00;  0,90;   0,8;  1,11;  1,20;   3,4;   4,6;   5,4;   4,6;     8;  0,00
18:24:36;  7,95;  0,80;   0,8;  1,12;  1,20;   3,4;   4,7;   5,4;   4,6;     8; -0,05
18:25:06;  7,90;  0,80;   0,7;  1,12;  1,20;   3,4;   4,6;   5,4;   4,6;     7; -0,05
18:25:38;  7,85;  0,60;   0,6;  1,14;  1,20;   3,4;   4,8;   5,4;   4,6;     6; -0,05
18:26:09;  7,85;  0,00;   0,6;  1,18;  1,18;   3,4;   4,6;   5,4;   4,6;     6;  0,00
18:26:14;  8,45;  0,00;   0,6;  1,18;  1,18;   3,5;   4,7;   5,4;   4,6;     6;  0,60
18:26:45;  9,05;  1,10;   0,6;  1,10;  1,21;   3,4;   4,6;   5,4;   4,6;     6;  0,60
18:27:16;  8,95;  1,30;   0,6;  1,09;  1,22;   3,4;   4,6;   5,4;   4,6;     6; -0,10
18:27:46;  8,80;  1,40;   0,6;  1,08;  1,22;   3,4;   4,6;   5,4;   4,6;     6; -0,15
18:28:16;  8,65;  0,90;   0,6;  1,13;  1,22;   3,4;   4,6;   5,3;   4,6;     6; -0,15
18:28:47;  8,60;  0,90;   0,6;  1,12;  1,21;   3,5;   4,6;   5,3;   4,6;     6; -0,05
18:29:18;  8,55;  2,50;   0,6;  1,01;  1,26;   3,5;   4,5;   5,3;   4,6;     6; -0,05
18:29:49;  8,15;  2,70;   0,6;  1,01;  1,28;   3,6;   4,5;   5,4;   4,6;     6; -0,40
18:30:18;  7,75;  2,40;   0,6;  0,98;  1,22;   3,6;   4,5;   5,4;   4,6;     6; -0,40
18:30:48;  7,40;  2,00;   0,6;  1,05;  1,25;   3,6;   4,4;   5,4;   4,6;     6; -0,35
18:31:18;  7,10;  1,70;   0,5;  1,09;  1,26;   3,6;   4,5;   5,4;   4,6;     5; -0,30
18:31:48;  6,90;  0,30;   0,0;  1,18;  1,21;   3,6;   4,4;   5,4;   4,6;     0; -0,20
18:32:20;  7,25; -0,10;   0,0;  1,20;  1,19;   3,6;   4,5;   5,4;   4,6;     0;  0,35
18:32:49;  7,90;  0,30;   0,0;  1,18;  1,21;   3,5;   4,5;   5,4;   4,6;     0;  0,65
18:33:18;  8,25;  1,10;   0,0;  1,13;  1,24;   3,5;   4,5;   5,4;   4,6;     0;  0,35
18:33:49;  8,15;  1,60;   0,0;  1,10;  1,26;   3,6;   4,5;   5,4;   4,6;     0; -0,10
18:34:20;  7,95;  1,50;   0,0;  1,09;  1,24;   3,5;   4,5;   5,4;   4,6;     0; -0,20
18:34:50;  7,75;  1,20;   0,0;  1,12;  1,24;   3,6;   4,5;   5,4;   4,6;     0; -0,20
18:35:20;  7,60;  1,00;   0,0;  1,13;  1,23;   3,5;   4,5;   5,4;   4,6;     0; -0,15
18:35:50;  7,50;  0,80;   0,0;  1,15;  1,23;   3,5;   4,5;   5,4;   4,6;     0; -0,10
18:36:22;  7,45;  0,70;   0,0;  1,16;  1,23;   3,5;   4,4;   5,4;   4,6;     0; -0,05
18:36:52;  7,45;  0,60;   0,0;  1,16;  1,22;   3,5;   4,5;   5,4;   4,6;     0;  0,00
18:37:22;  7,45;  0,60;   0,0;  1,17;  1,23;   3,4;   4,5;   5,4;   4,6;     0;  0,00
18:37:51;  7,45;  0,60;   0,0;  1,16;  1,22;   3,4;   4,5;   5,4;   4,6;     0;  0,00
18:38:22;  7,45;  0,60;   0,0;  1,16;  1,22;   3,4;   4,5;   5,3;   4,6;     0;  0,00
18:38:26;  7,40;  0,60;   0,0;  1,16;  1,22;   3,4;   4,5;   5,3;   4,6;     0; -0,05
18:38:57;  7,40;  0,60;   0,0;  1,16;  1,22;   3,5;   4,5;   5,3;   4,6;     0;  0,00
18:39:27;  7,40;  0,60;   0,0;  1,16;  1,22;   3,6;   4,5;   5,4;   4,6;     0;  0,00
18:39:56;  7,40;  0,60;   0,0;  1,16;  1,22;   3,5;   4,5;   5,4;   4,6;     0;  0,00
18:40:26;  7,40;  0,50;   0,0;  1,17;  1,22;   3,6;   4,5;   5,4;   4,6;     0;  0,00
18:40:30;  7,60;  0,60;   0,0;  1,17;  1,23;   3,6;   4,5;   5,4;   4,6;     0;  0,20
18:41:02;  7,60;  0,90;   0,0;  1,12;  1,21;   3,5;   4,5;   5,4;   4,6;     0;  0,00
18:41:07;  7,55;  0,70;   0,0;  1,15;  1,22;   3,4;   4,5;   5,4;   4,6;     0; -0,05
18:41:37;  7,55;  0,70;   0,0;  1,15;  1,22;   3,4;   4,5;   5,4;   4,6;     0;  0,00
18:42:07;  7,55;  0,70;   0,0;  1,15;  1,22;   3,4;   4,5;   5,4;   4,6;     0;  0,00
18:42:38;  7,55;  1,80;   0,0;  0,74;  0,92;   3,4;   4,5;   5,4;   4,6;     0;  0,00
18:42:44;  7,30;  1,80;   0,0;  0,63;  0,81;   3,4;   4,5;   5,4;   4,6;     0; -0,25
18:43:16;  7,05;  1,40;   0,0;  0,54;  0,68;   3,4;   4,5;   5,4;   4,6;     0; -0,25
18:43:44;  6,90;  1,40;   0,0;  0,56;  0,70;   3,4;   4,5;   5,4;   4,6;     0; -0,15
18:44:15;  6,75;  1,20;   0,0;  0,58;  0,70;   3,4;   4,5;   5,4;   4,6;     0; -0,15
18:44:46;  6,60;  0,90;   0,0;  0,61;  0,70;   3,4;   4,5;   5,4;   4,6;     0; -0,15
18:45:18;  6,55;  0,70;   0,0;  0,63;  0,70;   3,4;   4,5;   5,3;   4,6;     0; -0,05
18:45:48;  6,55;  0,80;   0,0;  0,63;  0,71;   3,4;   4,5;   5,3;   4,6;     0;  0,00
18:46:17;  6,55;  0,70;   0,0;  0,64;  0,71;   3,4;   4,5;   5,3;   4,6;     0;  0,00
18:46:22;  6,50;  0,70;   0,0;  0,64;  0,71;   3,4;   4,5;   5,3;   4,6;     0; -0,05
18:46:52;  6,50;  0,70;   0,0;  0,65;  0,72;   3,4;   4,5;   5,3;   4,6;     0;  0,00
18:47:23;  6,50;  0,70;   0,0;  0,65;  0,72;   3,4;   4,5;   5,3;   4,6;     0;  0,00
18:47:53;  6,50;  0,60;   0,0;  0,66;  0,72;   3,4;   4,5;   5,3;   4,6;     0;  0,00
18:48:22;  6,50;  0,80;   0,0;  0,65;  0,73;   3,4;   4,5;   5,3;   4,6;     0;  0,00
18:48:27;  6,45;  0,80;   0,0;  0,65;  0,73;   3,4;   4,5;   5,3;   4,6;     0; -0,05
18:48:58;  6,40;  0,60;   0,0;  0,67;  0,73;   3,3;   4,5;   5,3;   4,6;     0; -0,05
18:49:29;  6,40;  0,60;   0,0;  0,67;  0,73;   3,2;   4,5;   5,4;   4,6;     0;  0,00
18:49:59;  6,40;  0,50;   0,0;  0,68;  0,73;   3,2;   4,5;   5,4;   4,6;     0;  0,00
18:50:05;  6,60;  1,40;   0,0;  0,64;  0,78;   3,2;   4,5;   5,4;   4,6;     0;  0,20
18:50:34;  6,45;  1,50;   0,0;  0,62;  0,77;   3,2;   4,5;   5,4;   4,6;     0; -0,15
18:51:04;  6,25;  1,40;   0,0;  0,63;  0,77;   3,2;   4,5;   5,4;   4,6;     0; -0,20
18:51:35;  6,10;  1,00;   0,0;  0,66;  0,76;   3,2;   4,5;   5,4;   4,6;     0; -0,15
18:52:06;  6,00;  1,70;   0,0;  0,62;  0,79;   3,2;   4,5;   5,4;   4,6;     0; -0,10
18:52:35;  5,75;  1,40;   0,0;  0,64;  0,78;   3,3;   4,5;   5,4;   4,6;     0; -0,25
18:53:05;  5,60;  1,40;   0,0;  0,65;  0,79;   3,2;   4,5;   5,4;   4,6;     0; -0,15
18:53:35;  5,45;  1,60;   0,0;  0,64;  0,80;   3,3;   4,5;   5,4;   4,6;     0; -0,15
18:54:05;  5,25;  1,60;   0,0;  0,64;  0,80;   3,2;   4,5;   5,4;   4,6;     0; -0,20
18:54:37;  5,05;  1,40;   0,0;  0,66;  0,80;   3,3;   4,5;   5,4;   4,6;     0; -0,20
18:55:06;  4,90;  1,40;   0,0;  0,66;  0,80;   3,2;   4,5;   5,4;   4,6;     0; -0,15
18:55:37;  4,75;  1,20;   0,0;  0,68;  0,80;   3,1;   4,5;   5,4;   4,6;     0; -0,15
18:56:07;  4,60;  1,20;   0,0;  0,68;  0,80;   3,2;   4,5;   5,4;   4,6;     0; -0,15
18:56:39;  4,45;  1,10;   0,0;  0,69;  0,80;   3,1;   4,5;   5,4;   4,6;     0; -0,15
18:57:10;  4,35;  1,00;   0,0;  0,70;  0,80;   3,1;   4,5;   5,4;   4,6;     0; -0,10
18:57:39;  4,25;  1,30;   0,0;  0,68;  0,81;   3,1;   4,5;   5,4;   4,6;     0; -0,10
18:58:08;  4,10;  1,20;   0,0;  0,69;  0,81;   3,1;   4,5;   5,4;   4,6;     0; -0,15
18:58:39;  3,95;  1,10;   0,0;  0,70;  0,81;   3,1;   4,5;   5,4;   4,6;     0; -0,15
18:59:09;  3,85;  1,00;   0,0;  0,71;  0,81;   3,1;   4,5;   5,4;   4,6;     0; -0,10
18:59:40;  3,75;  1,00;   0,0;  0,71;  0,81;   3,1;   4,5;   5,3;   4,6;     0; -0,10
19:00:10;  3,65;  1,00;   0,0;  0,71;  0,81;   3,1;   4,5;   5,3;   4,6;     0; -0,10
19:01:10;  3,55;  0,90;   0,0;  0,72;  0,81;   3,2;   4,5;   5,3;   4,6;     0; -0,10
19:01:14;  3,50;  0,90;   0,0;  0,72;  0,81;   3,1;   4,5;   5,3;   4,6;     0; -0,05
19:01:44;  3,45;  0,80;   0,0;  0,73;  0,81;   3,2;   4,5;   5,3;   4,6;     0; -0,05
19:02:14;  3,45;  0,80;   0,0;  0,73;  0,81;   3,1;   4,6;   5,4;   4,6;     0;  0,00
19:02:45;  3,45;  0,80;   0,0;  0,73;  0,81;   3,2;   4,6;   5,4;   4,6;     0;  0,00
19:03:16;  3,45;  0,80;   0,0;  0,73;  0,81;   3,1;   4,6;   5,4;   4,6;     0;  0,00
19:03:45;  3,45;  0,90;   0,0;  0,72;  0,81;   3,1;   4,6;   5,4;   4,6;     0;  0,00
19:03:49;  3,40;  0,90;   0,0;  0,72;  0,81;   3,1;   4,6;   5,4;   4,6;     0; -0,05
19:04:20;  3,35;  0,80;   0,0;  0,73;  0,81;   3,1;   4,6;   5,3;   4,6;     0; -0,05
19:04:49;  3,30;  0,80;   0,0;  0,73;  0,81;   3,1;   4,6;   5,3;   4,6;     0; -0,05
19:05:20;  3,30;  0,80;   0,0;  0,73;  0,81;   3,1;   4,6;   5,3;   4,6;     0;  0,00
19:05:50;  3,30;  0,80;   0,0;  0,73;  0,81;   3,1;   4,6;   5,3;   4,6;     0;  0,00
19:06:20;  3,30;  0,80;   0,0;  0,73;  0,81;   3,1;   4,6;   5,3;   4,6;     0;  0,00
19:06:50;  3,30;  0,80;   0,0;  0,73;  0,81;   3,1;   4,6;   5,3;   4,6;     0;  0,00
19:07:19;  3,30;  0,80;   0,0;  0,73;  0,81;   3,1;   4,6;   5,3;   4,6;     0;  0,00
19:07:49;  3,30;  0,80;   0,0;  0,73;  0,81;   3,1;   4,6;   5,3;   4,6;     0;  0,00
19:08:20;  3,30;  0,80;   0,0;  0,73;  0,81;   3,1;   4,6;   5,3;   4,6;     0;  0,00
19:08:50;  3,30;  0,80;   0,0;  0,73;  0,81;   3,1;   4,6;   5,3;   4,6;     0;  0,00
19:09:20;  3,30;  0,80;   0,0;  0,73;  0,81;   3,0;   4,6;   5,3;   4,6;     0;  0,00
19:09:49;  3,30;  0,80;   0,0;  0,73;  0,81;   3,0;   4,6;   5,3;   4,6;     0;  0,00
19:09:53;  3,25;  0,80;   0,0;  0,73;  0,81;   3,0;   4,6;   5,3;   4,6;     0; -0,05
19:10:23;  3,25;  0,20;   0,0;  0,77;  0,79;   3,0;   4,6;   5,3;   4,6;     0;  0,00
19:10:27;  3,65;  0,50;   0,0;  0,75;  0,80;   3,0;   4,7;   5,3;   4,6;     0;  0,40
19:10:57;  3,85;  0,70;   0,0;  0,73;  0,80;   3,1;   4,8;   5,3;   4,6;     0;  0,20
19:11:28;  3,85;  0,90;   0,0;  0,72;  0,81;   3,1;   4,8;   5,3;   4,6;     0;  0,00
19:11:31;  3,80;  0,90;   0,0;  0,72;  0,81;   3,1;   4,7;   5,3;   4,6;     0; -0,05
19:12:02;  3,75;  0,80;   0,0;  0,73;  0,81;   3,1;   4,7;   5,3;   4,6;     0; -0,05
19:12:32;  3,75;  0,70;   0,0;  0,73;  0,80;   3,1;   4,7;   5,3;   4,6;     0;  0,00
19:13:02;  3,75;  0,70;   0,0;  0,73;  0,80;   3,2;   4,8;   5,3;   4,6;     0;  0,00
19:13:32;  3,75;  0,70;   0,0;  0,73;  0,80;   3,2;   4,7;   5,3;   4,6;     0;  0,00
19:14:01;  3,75;  0,70;   0,0;  0,73;  0,80;   3,2;   4,8;   5,3;   4,6;     0;  0,00
19:14:33;  3,75;  0,80;   0,0;  0,72;  0,80;   3,3;   4,7;   5,3;   4,6;     0;  0,00
19:15:02;  3,75;  0,70;   0,0;  0,73;  0,80;   3,3;   4,8;   5,3;   4,6;     0;  0,00
19:15:33;  3,75;  0,70;   0,0;  0,73;  0,80;   3,3;   4,8;   5,3;   4,6;     0;  0,00
19:16:02;  3,75;  0,70;   0,0;  0,73;  0,80;   3,3;   4,8;   5,3;   4,6;     0;  0,00
19:16:07;  3,70;  0,70;   0,0;  0,73;  0,80;   3,3;   4,8;   5,3;   4,6;     0; -0,05
19:16:36;  3,70;  0,70;   0,0;  0,73;  0,80;   3,3;   4,7;   5,3;   4,6;     0;  0,00
19:17:08;  3,70;  0,70;   0,0;  0,73;  0,80;   3,4;   4,8;   5,3;   4,6;     0;  0,00
19:17:37;  3,70;  0,70;   0,0;  0,73;  0,80;   3,4;   4,8;   5,3;   4,6;     0;  0,00
19:18:08;  3,70;  0,70;   0,0;  0,73;  0,80;   3,5;   4,8;   5,3;   4,6;     0;  0,00
19:18:36;  3,70;  0,70;   0,0;  0,73;  0,80;   3,5;   4,8;   5,3;   4,6;     0;  0,00
19:19:06;  3,70;  0,70;   0,0;  0,73;  0,80;   3,6;   4,7;   5,3;   4,6;     0;  0,00
19:19:37;  3,70;  0,70;   0,0;  0,73;  0,80;   3,6;   4,8;   5,3;   4,6;     0;  0,00
19:20:08;  3,70;  0,20;   0,0;  1,06;  1,08;   3,6;   4,8;   5,3;   4,6;     0;  0,00
19:20:12;  4,10;  0,20;   0,0;  1,06;  1,08;   3,6;   4,8;   5,3;   4,6;     0;  0,40
19:20:43;  4,50;  0,20;   0,0;  1,16;  1,18;   3,7;   4,8;   5,4;   4,6;     0;  0,40
19:21:13;  4,95;  0,70;   0,0;  1,18;  1,25;   3,7;   4,8;   5,4;   4,6;     0;  0,45
19:21:44;  4,95;  0,90;   0,0;  1,09;  1,18;   3,7;   4,8;   5,4;   4,6;     0;  0,00
19:21:49;  4,90;  0,90;   0,0;  1,09;  1,18;   3,7;   4,8;   5,4;   4,6;     0; -0,05
19:22:20;  4,85;  1,00;   0,0;  1,10;  1,20;   3,7;   4,8;   5,4;   4,6;     0; -0,05
19:22:51;  4,75;  0,80;   0,0;  1,14;  1,22;   3,7;   4,8;   5,4;   4,6;     0; -0,10
19:23:21;  4,70;  0,90;   0,0;  1,12;  1,21;   3,9;   4,7;   5,4;   4,6;     0; -0,05
19:23:52;  4,65;  0,80;   0,0;  1,14;  1,22;   3,9;   4,8;   5,4;   4,6;     0; -0,05
19:24:22;  4,60;  0,90;   0,0;  1,14;  1,23;   3,9;   4,8;   5,3;   4,6;     0; -0,05
19:24:52;  4,55;  0,80;   0,0;  1,15;  1,23;   3,9;   4,8;   5,3;   4,6;     0; -0,05
19:25:24;  4,50;  0,80;   0,0;  1,16;  1,24;   4,0;   4,7;   5,4;   4,6;     0; -0,05
19:25:54;  4,45;  0,70;   0,0;  1,17;  1,24;   4,0;   4,8;   5,4;   4,6;     0; -0,05
19:26:24;  4,45;  0,70;   0,0;  1,17;  1,24;   4,0;   4,6;   5,4;   4,6;     0;  0,00
19:26:30;  4,40;  0,60;   0,0;  1,17;  1,23;   4,1;   4,6;   5,4;   4,6;     0; -0,05
19:27:00;  4,40;  0,50;   0,0;  1,18;  1,23;   4,1;   4,6;   5,4;   4,6;     0;  0,00
19:27:04;  4,60;  0,50;   0,0;  1,18;  1,23;   4,1;   4,7;   5,4;   4,6;     0;  0,20
19:27:34;  4,80;  0,80;   0,0;  1,16;  1,24;   4,2;   4,6;   5,4;   4,6;     0;  0,20
19:28:05;  4,75;  0,80;   0,0;  1,16;  1,24;   4,1;   4,6;   5,4;   4,6;     0; -0,05
19:28:36;  4,70;  1,00;   0,0;  1,15;  1,25;   4,2;   4,6;   5,4;   4,6;     0; -0,05
19:29:07;  4,60;  0,70;   0,0;  1,17;  1,24;   4,2;   4,6;   5,4;   4,6;     0; -0,10
19:29:36;  4,60;  0,80;   0,0;  1,16;  1,24;   4,2;   4,6;   5,4;   4,7;     0;  0,00
19:29:41;  4,55;  0,80;   0,0;  1,16;  1,24;   4,2;   4,7;   5,4;   4,6;     0; -0,05
19:30:12;  4,50;  0,60;   0,0;  1,16;  1,22;   4,2;   4,6;   5,4;   4,6;     0; -0,05
19:30:43;  4,50;  0,70;   0,0;  1,17;  1,24;   4,3;   4,6;   5,4;   4,6;     0;  0,00
19:31:12;  4,50;  0,70;   0,0;  1,17;  1,24;   4,3;   4,6;   5,4;   4,6;     0;  0,00
19:31:42;  4,50;  0,70;   0,0;  1,17;  1,24;   4,3;   4,6;   5,4;   4,6;     0;  0,00
19:32:12;  4,50;  0,70;   0,0;  1,16;  1,23;   4,3;   4,6;   5,4;   4,6;     0;  0,00
19:32:43;  4,50;  0,70;   0,0;  1,17;  1,24;   4,3;   4,7;   5,4;   4,6;     0;  0,00
19:33:13;  4,50;  0,70;   0,0;  1,17;  1,24;   4,3;   4,6;   5,4;   4,6;     0;  0,00
19:33:43;  4,50;  0,70;   0,0;  1,16;  1,23;   4,3;   4,6;   5,4;   4,6;     0;  0,00
19:34:12;  4,50;  0,70;   0,0;  1,17;  1,24;   4,3;   4,7;   5,4;   4,6;     0;  0,00
19:34:17;  4,45;  0,70;   0,0;  1,17;  1,24;   4,3;   4,6;   5,4;   4,7;     0; -0,05
19:34:49;  4,45;  0,70;   0,0;  1,17;  1,24;   4,2;   4,7;   5,4;   4,6;     0;  0,00
19:35:18;  4,45;  0,60;   0,0;  1,17;  1,23;   4,2;   4,6;   5,4;   4,6;     0;  0,00
19:35:48;  4,45;  0,70;   0,0;  1,17;  1,24;   4,2;   4,8;   5,4;   4,6;     0;  0,00
19:36:17;  4,45;  0,60;   0,0;  1,17;  1,23;   4,2;   4,7;   5,4;   4,6;     0;  0,00
19:36:47;  4,45;  0,60;   0,0;  1,17;  1,23;   4,2;   4,6;   5,4;   4,6;     0;  0,00
19:37:18;  4,45;  0,60;   0,0;  1,17;  1,23;   4,2;   4,7;   5,4;   4,6;     0;  0,00
19:37:48;  4,45;  0,60;   0,0;  1,17;  1,23;   4,2;   4,7;   5,4;   4,6;     0;  0,00
19:38:19;  4,45;  0,70;   0,0;  1,17;  1,24;   4,2;   4,7;   5,4;   4,6;     0;  0,00
19:38:47;  4,45;  0,70;   0,0;  1,17;  1,24;   4,2;   4,8;   5,4;   4,6;     0;  0,00
19:39:17;  4,45;  0,60;   0,0;  1,18;  1,24;   4,1;   4,8;   5,4;   4,6;     0;  0,00
19:39:22;  4,40;  0,60;   0,0;  1,18;  1,24;   4,0;   4,8;   5,4;   4,6;     0; -0,05
19:39:52;  4,40;  0,70;   0,0;  1,17;  1,24;   4,0;   4,8;   5,4;   4,6;     0;  0,00
19:40:23;  4,40;  0,60;   0,0;  1,18;  1,24;   3,9;   4,8;   5,3;   4,6;     0;  0,00
19:40:52;  4,40;  1,30;   0,0;  0,88;  1,01;   3,8;   4,8;   5,3;   4,6;     0;  0,00
19:40:56;  4,25;  1,30;   0,0;  0,88;  1,01;   3,7;   4,8;   5,3;   4,6;     0; -0,15
19:41:25;  4,10;  1,10;   0,0;  0,58;  0,69;   3,6;   4,8;   5,3;   4,6;     0; -0,15
19:41:55;  4,00;  1,00;   0,0;  0,62;  0,72;   3,5;   4,8;   5,3;   4,6;     0; -0,10
19:42:27;  3,90;  0,80;   0,0;  0,64;  0,72;   3,4;   4,8;   5,3;   4,6;     0; -0,10
19:42:57;  3,85;  0,90;   0,0;  0,64;  0,73;   3,4;   4,8;   5,3;   4,6;     0; -0,05
19:43:28;  3,80;  0,90;   0,0;  0,65;  0,74;   3,4;   4,9;   5,3;   4,6;     0; -0,05
19:43:58;  3,75;  0,80;   0,0;  0,66;  0,74;   3,4;   4,8;   5,3;   4,6;     0; -0,05
19:44:27;  3,75;  0,80;   0,0;  0,67;  0,75;   3,4;   4,8;   5,3;   4,6;     0;  0,00
19:44:57;  3,75; -1,40;   0,0;  0,81;  0,67;   3,3;   4,8;   5,3;   4,6;     0;  0,00
19:45:01;  5,45; -1,40;   0,0;  0,81;  0,67;   3,3;   4,8;   5,3;   4,6;     0;  1,70
19:45:33;  7,15;  1,60;   0,0;  0,58;  0,74;   3,1;   4,8;   5,3;   4,6;     0;  1,70
19:46:02;  6,95;  2,00;   0,0;  0,55;  0,75;   3,1;   4,9;   5,3;   4,6;     0; -0,20
19:46:33;  6,65;  1,50;   0,0;  0,59;  0,74;   3,1;   4,9;   5,3;   4,6;     0; -0,30
19:47:03;  6,45;  1,50;   0,0;  0,59;  0,74;   3,0;   4,9;   5,3;   4,6;     0; -0,20
19:47:34;  6,25;  1,30;   0,0;  0,61;  0,74;   3,0;   4,9;   5,3;   4,6;     0; -0,20
19:48:04;  6,10;  1,20;   0,0;  0,62;  0,74;   3,0;   4,9;   5,3;   4,6;     0; -0,15
19:48:34;  5,95;  1,00;   0,0;  0,64;  0,74;   3,0;   4,9;   5,3;   4,6;     0; -0,15
19:49:06;  5,85;  0,70;   0,0;  0,66;  0,73;   3,0;   4,9;   5,3;   4,6;     0; -0,10
19:49:36;  5,85;  0,70;   0,0;  0,66;  0,73;   3,0;   4,9;   5,3;   4,6;     0;  0,00
19:50:05;  5,85; -0,10;   0,0;  0,71;  0,70;   3,1;   4,9;   5,3;   4,7;     0;  0,00
19:50:10;  6,50; -0,10;   0,0;  0,71;  0,70;   3,1;   4,9;   5,3;   4,7;     0;  0,65
19:50:39;  7,15;  0,60;   0,0;  0,66;  0,72;   3,3;   4,9;   5,3;   4,6;     0;  0,65
19:51:09;  7,15;  1,50;   0,0;  0,59;  0,74;   3,3;   4,9;   5,3;   4,7;     0;  0,00
19:51:14;  6,95;  1,30;   0,0;  0,61;  0,74;   3,3;   4,9;   5,3;   4,7;     0; -0,20
19:51:44;  6,80;  1,30;   0,0;  0,61;  0,74;   3,4;   4,8;   5,3;   4,6;     0; -0,15
19:52:14;  6,65;  0,90;   0,0;  0,64;  0,73;   3,6;   4,8;   5,3;   4,6;     0; -0,15
19:52:44;  6,60;  0,90;   0,0;  0,64;  0,73;   3,6;   4,8;   5,3;   4,7;     0; -0,05
19:53:14;  6,55; -0,30;   0,0;  0,72;  0,69;   3,7;   4,7;   5,3;   4,7;     0; -0,05
19:53:45;  7,40; -0,50;   0,0;  0,73;  0,68;   3,8;   4,7;   5,3;   4,6;     0;  0,85
19:54:16;  8,40;  0,50;   0,0;  0,65;  0,70;   3,9;   4,6;   5,3;   4,6;     0;  1,00
19:54:47;  8,60;  1,90;   0,0;  0,54;  0,73;   3,9;   4,6;   5,3;   4,6;     0;  0,20
19:55:17;  8,35;  2,00;   0,0;  0,53;  0,73;   3,7;   4,6;   5,3;   4,6;     0; -0,25
19:55:47;  8,05;  1,80;   0,0;  0,55;  0,73;   3,4;   4,6;   5,3;   4,6;     0; -0,30
19:56:17;  7,80;  1,30;   0,0;  0,59;  0,72;   3,4;   4,6;   5,3;   4,6;     0; -0,25
19:56:48;  7,65;  1,10;   0,0;  0,61;  0,72;   3,2;   4,6;   5,3;   4,6;     0; -0,15
19:57:19;  7,55;  0,90;   0,0;  0,63;  0,72;   3,1;   4,5;   5,4;   4,6;     0; -0,10
19:57:49;  7,50;  0,60;   0,0;  0,65;  0,71;   3,0;   4,4;   5,4;   4,6;     0; -0,05
19:58:19;  7,50;  0,60;   0,0;  0,65;  0,71;   3,0;   4,4;   5,4;   4,6;     0;  0,00
19:58:49;  7,50;  0,60;   0,0;  0,65;  0,71;   2,9;   4,4;   5,4;   4,6;     0;  0,00
19:58:53;  7,45;  0,60;   0,0;  0,65;  0,71;   3,0;   4,4;   5,4;   4,6;     0; -0,05
19:59:23;  7,45;  1,30;   0,0;  0,61;  0,74;   3,0;   4,5;   5,4;   4,6;     0;  0,00
19:59:28;  7,30;  2,60;   0,0;  0,54;  0,80;   3,0;   4,4;   5,4;   4,6;     0; -0,15
19:59:59;  6,90;  2,50;   0,0;  0,55;  0,80;   3,1;   4,5;   5,4;   4,6;     0; -0,40
20:00:29;  6,50;  2,10;   0,0;  0,58;  0,79;   3,2;   4,5;   5,3;   4,6;     0; -0,40
20:01:00;  6,20;  1,80;   0,0;  0,61;  0,79;   3,3;   4,5;   5,4;   4,6;     0; -0,30
20:01:31;  5,95;  1,70;   0,0;  0,62;  0,79;   3,3;   4,5;   5,4;   4,6;     0; -0,25
20:02:01;  5,70;  1,60;   0,0;  0,63;  0,79;   3,3;   4,5;   5,4;   4,6;     0; -0,25
20:02:31;  5,50;  1,40;   0,0;  0,65;  0,79;   3,3;   4,5;   5,4;   4,6;     0; -0,20
20:03:02;  5,35;  1,30;   0,0;  0,66;  0,79;   3,3;   4,6;   5,4;   4,6;     0; -0,15
20:03:32;  5,20;  1,00;   0,0;  0,68;  0,78;   3,3;   4,6;   5,4;   4,6;     0; -0,15
20:04:04;  5,10;  1,10;   0,0;  0,68;  0,79;   3,2;   4,6;   5,4;   4,6;     0; -0,10
20:04:33;  5,00;  0,90;   0,0;  0,69;  0,78;   3,1;   4,6;   5,4;   4,6;     0; -0,10
20:05:04;  4,95;  1,00;   0,0;  0,69;  0,79;   3,1;   4,6;   5,4;   4,6;     0; -0,05
20:05:36;  4,85;  0,90;   0,0;  0,69;  0,78;   3,1;   4,6;   5,4;   4,6;     0; -0,10
20:06:06;  4,80;  0,80;   0,0;  0,70;  0,78;   3,1;   4,6;   5,4;   4,6;     0; -0,05
20:06:36;  4,80;  0,80;   0,0;  0,70;  0,78;   3,1;   4,5;   5,4;   4,6;     0;  0,00
20:07:07;  4,80;  0,80;   0,0;  0,70;  0,78;   3,1;   4,5;   5,4;   4,6;     0;  0,00
20:07:38;  4,80;  0,80;   0,0;  0,70;  0,78;   3,1;   4,5;   5,4;   4,6;     0;  0,00
20:08:07;  4,80;  0,80;   0,0;  0,70;  0,78;   3,1;   4,5;   5,4;   4,6;     0;  0,00
20:08:36;  4,80;  0,80;   0,0;  0,70;  0,78;   3,1;   4,5;   5,4;   4,6;     0;  0,00
20:09:06;  4,80;  0,80;   0,0;  0,70;  0,78;   3,1;   4,5;   5,4;   4,6;     0;  0,00
20:09:37;  4,80;  0,80;   0,0;  0,70;  0,78;   3,0;   4,5;   5,4;   4,6;     0;  0,00
20:10:07;  4,80;  0,80;   0,0;  0,70;  0,78;   3,1;   4,5;   5,4;   4,7;     0;  0,00
20:10:37;  4,80;  0,80;   0,0;  0,70;  0,78;   3,1;   4,5;   5,4;   4,6;     0;  0,00
20:10:42;  4,75;  0,80;   0,0;  0,70;  0,78;   3,0;   4,5;   5,4;   4,6;     0; -0,05
20:11:12;  4,75;  0,70;   0,0;  0,71;  0,78;   3,1;   4,5;   5,4;   4,6;     0;  0,00
20:11:43;  4,75; -0,60;   0,0;  1,21;  1,15;   3,1;   4,5;   5,4;   4,6;     0;  0,00
20:11:49;  5,80;  0,00;   0,0;  1,08;  1,08;   3,1;   4,5;   5,4;   4,6;     0;  1,05
20:12:18;  6,40; -0,70;   0,0;  1,06;  0,99;   3,3;   4,5;   5,4;   4,7;     0;  0,60
20:12:50;  7,55;  1,40;   0,0;  1,09;  1,23;   3,3;   4,5;   5,4;   4,6;     0;  1,15
20:13:20;  7,40;  2,10;   0,0;  0,95;  1,16;   3,3;   4,5;   5,4;   4,8;     0; -0,15
20:13:49;  7,10;  2,00;   0,0;  0,99;  1,19;   3,3;   4,5;   5,4;   4,6;     0; -0,30
20:14:20;  6,80;  1,80;   0,0;  1,01;  1,19;   3,3;   4,5;   5,4;   4,6;     0; -0,30
20:14:51;  6,55;  1,30;   0,0;  1,08;  1,21;   3,3;   4,5;   5,4;   4,6;     0; -0,25
20:15:22;  6,40;  1,20;   0,0;  1,09;  1,21;   3,4;   4,5;   5,4;   4,6;     0; -0,15
20:15:52;  6,25;  1,20;   0,0;  1,11;  1,23;   3,5;   4,5;   5,4;   4,6;     0; -0,15
20:16:21;  6,10;  1,10;   0,0;  1,12;  1,23;   3,6;   4,5;   5,4;   4,6;     0; -0,15
20:16:51;  6,00;  1,00;   0,0;  1,13;  1,23;   3,7;   4,5;   5,4;   4,7;     0; -0,10
20:17:22;  5,90;  0,90;   0,0;  1,14;  1,23;   3,7;   4,5;   5,4;   4,6;     0; -0,10
20:17:53;  5,85;  0,80;   0,0;  1,15;  1,23;   3,8;   4,5;   5,4;   4,6;     0; -0,05
20:18:23;  5,80;  0,70;   0,0;  1,15;  1,22;   3,8;   4,5;   5,4;   4,6;     0; -0,05
20:18:53;  5,80;  0,60;   0,0;  1,17;  1,23;   3,9;   4,5;   5,4;   4,6;     0;  0,00
20:19:24;  5,80;  0,60;   0,0;  1,17;  1,23;   3,9;   4,5;   5,3;   4,6;     0;  0,00
20:19:54;  5,80;  0,60;   0,0;  1,17;  1,23;   3,9;   4,5;   5,3;   4,6;     0;  0,00
20:20:24;  5,80;  0,60;   0,0;  1,18;  1,24;   3,9;   4,5;   5,4;   4,6;     0;  0,00
20:20:53;  5,80;  0,60;   0,0;  1,17;  1,23;   3,9;   4,5;   5,4;   4,6;     0;  0,00
20:21:23;  5,80;  0,70;   0,0;  1,16;  1,23;   3,9;   4,5;   5,4;   4,6;     0;  0,00
20:21:54;  5,80;  1,30;   0,0;  1,12;  1,25;   3,9;   4,5;   5,4;   4,6;     0;  0,00
20:21:58;  5,65;  1,30;   0,0;  1,12;  1,25;   3,9;   4,5;   5,4;   4,6;     0; -0,15
20:22:29;  5,50;  1,20;   0,0;  1,12;  1,24;   3,9;   4,5;   5,4;   4,6;     0; -0,15
20:23:00;  5,35;  1,10;   0,0;  1,13;  1,24;   3,9;   4,5;   5,4;   4,6;     0; -0,15
20:23:30;  5,25;  1,00;   0,0;  1,14;  1,24;   3,9;   4,5;   5,4;   4,6;     0; -0,10
20:24:01;  5,15;  1,00;   0,0;  1,14;  1,24;   3,9;   4,5;   5,4;   4,6;     0; -0,10
20:25:02;  5,05;  0,90;   0,0;  1,15;  1,24;   3,9;   4,5;   5,4;   4,6;     0; -0,10
20:25:08;  5,00;  0,90;   0,0;  1,15;  1,24;   4,0;   4,5;   5,4;   4,6;     0; -0,05
20:25:38;  4,95;  0,90;   0,0;  1,15;  1,24;   4,0;   4,5;   5,4;   4,6;     0; -0,05
20:26:10;  4,90;  0,90;   0,0;  1,16;  1,25;   4,0;   4,5;   5,4;   4,6;     0; -0,05
20:26:40;  4,85;  0,90;   0,0;  1,14;  1,23;   3,9;   4,5;   5,3;   4,6;     0; -0,05
20:27:11;  4,80;  0,90;   0,0;  1,15;  1,24;   3,9;   4,5;   5,3;   4,6;     0; -0,05
20:27:41;  4,75;  0,90;   0,0;  1,15;  1,24;   4,0;   4,5;   5,3;   4,6;     0; -0,05
20:28:11;  4,70;  0,80;   0,0;  1,15;  1,23;   4,0;   4,5;   5,3;   4,6;     0; -0,05
20:28:42;  4,65;  0,80;   0,0;  1,15;  1,23;   4,0;   4,5;   5,3;   4,6;     0; -0,05
20:29:12;  4,60;  0,70;   0,0;  1,16;  1,23;   4,0;   4,6;   5,3;   4,6;     0; -0,05
20:29:43;  4,60;  0,80;   0,0;  1,16;  1,24;   4,0;   4,6;   5,3;   4,6;     0;  0,00
20:29:47;  4,55;  0,80;   0,0;  1,16;  1,24;   4,0;   4,6;   5,3;   4,6;     0; -0,05
20:30:18;  4,50;  0,80;   0,0;  1,16;  1,24;   3,9;   4,6;   5,3;   4,6;     0; -0,05
20:30:49;  4,45;  0,70;   0,0;  1,15;  1,22;   3,9;   4,6;   5,3;   4,6;     0; -0,05
20:31:19;  4,40;  1,00;   0,0;  1,15;  1,25;   3,7;   4,6;   5,3;   4,6;     0; -0,05
20:31:50;  4,30;  0,80;   0,0;  1,15;  1,23;   3,7;   4,6;   5,3;   4,6;     0; -0,10
20:32:20;  4,25;  0,80;   0,0;  1,14;  1,22;   3,6;   4,6;   5,3;   4,6;     0; -0,05
20:32:51;  4,20;  0,80;   0,0;  1,16;  1,24;   3,6;   4,6;   5,3;   4,6;     0; -0,05
20:33:20;  4,15;  0,80;   0,0;  1,16;  1,24;   3,4;   4,6;   5,3;   4,6;     0; -0,05
20:33:53;  4,10;  0,80;   0,0;  1,16;  1,24;   3,4;   4,6;   5,3;   4,6;     0; -0,05
20:34:21;  4,05;  1,00;   0,0;  1,14;  1,24;   3,4;   4,6;   5,3;   4,6;     0; -0,05
20:34:52;  3,95;  0,80;   0,0;  1,16;  1,24;   3,4;   4,6;   5,3;   4,6;     0; -0,10
20:35:22;  3,90;  0,80;   0,0;  1,16;  1,24;   3,4;   4,6;   5,3;   4,6;     0; -0,05
20:35:54;  3,85;  1,10;   0,0;  0,59;  0,70;   3,4;   4,7;   5,3;   4,6;     0; -0,05
20:36:24;  3,75;  1,00;   0,0;  0,62;  0,72;   3,4;   4,7;   5,3;   4,6;     0; -0,10
20:36:54;  3,65;  1,00;   0,0;  0,63;  0,73;   3,4;   4,7;   5,3;   4,6;     0; -0,10
20:37:24;  3,55;  0,90;   0,0;  0,65;  0,74;   3,4;   4,6;   5,3;   4,6;     0; -0,10
20:37:54;  3,50;  0,90;   0,0;  0,65;  0,74;   3,4;   4,7;   5,3;   4,6;     0; -0,05
20:38:24;  3,45;  0,90;   0,0;  0,66;  0,75;   3,5;   4,7;   5,3;   4,6;     0; -0,05
20:38:55;  3,40;  0,80;   0,0;  0,67;  0,75;   3,5;   4,8;   5,3;   4,6;     0; -0,05
20:39:25;  3,40;  0,80;   0,0;  0,67;  0,75;   3,5;   4,7;   5,3;   4,6;     0;  0,00
20:39:55;  3,40;  0,90;   0,0;  0,67;  0,76;   3,5;   4,8;   5,3;   4,6;     0;  0,00
20:40:00;  3,35;  0,90;   0,0;  0,67;  0,76;   3,4;   4,8;   5,3;   4,6;     0; -0,05
20:40:30;  3,30;  0,80;   0,0;  0,68;  0,76;   3,5;   4,8;   5,3;   4,6;     0; -0,05
20:41:01;  3,30;  0,70;   0,0;  0,69;  0,76;   3,5;   4,8;   5,3;   4,6;     0;  0,00
20:41:29;  3,30;  0,80;   0,0;  0,69;  0,77;   3,5;   4,8;   5,3;   4,6;     0;  0,00
20:42:01;  3,30;  0,80;   0,0;  0,69;  0,77;   3,5;   4,8;   5,3;   4,6;     0;  0,00
20:42:30;  3,30;  0,80;   0,0;  0,69;  0,77;   3,5;   4,8;   5,3;   4,6;     0;  0,00
20:43:01;  3,30;  0,80;   0,0;  0,69;  0,77;   3,5;   4,8;   5,3;   4,6;     0;  0,00
20:43:31;  3,30;  0,20;   0,0;  0,73;  0,75;   3,4;   4,8;   5,3;   4,6;     0;  0,00
20:43:35;  3,75;  0,30;   0,0;  0,72;  0,75;   3,5;   4,8;   5,3;   4,6;     0;  0,45
20:44:04;  4,10;  0,90;   0,0;  0,68;  0,77;   3,6;   4,8;   5,3;   4,6;     0;  0,35
20:44:36;  4,05;  1,00;   0,0;  0,67;  0,77;   3,6;   4,8;   5,3;   4,6;     0; -0,05
20:45:07;  3,95;  1,00;   0,0;  0,68;  0,78;   3,6;   4,8;   5,3;   4,6;     0; -0,10
20:45:38;  3,85;  0,90;   0,0;  0,68;  0,77;   3,6;   4,8;   5,3;   4,6;     0; -0,10
20:46:08;  3,80;  0,80;   0,0;  0,69;  0,77;   3,6;   4,8;   5,3;   4,6;     0; -0,05
20:46:40;  3,80;  0,90;   0,0;  0,69;  0,78;   3,6;   4,9;   5,3;   4,6;     0;  0,00
20:46:45;  3,75;  0,90;   0,0;  0,69;  0,78;   3,6;   4,9;   5,3;   4,6;     0; -0,05
20:47:16;  3,70;  0,80;   0,0;  0,70;  0,78;   3,6;   4,9;   5,3;   4,6;     0; -0,05
20:47:46;  3,70;  0,70;   0,0;  0,70;  0,77;   3,6;   4,9;   5,3;   4,6;     0;  0,00
20:47:51;  3,65;  0,80;   0,0;  0,70;  0,78;   3,4;   4,9;   5,3;   4,6;     0; -0,05
20:48:22;  3,65;  0,60;   0,0;  0,71;  0,77;   3,5;   4,9;   5,3;   4,6;     0;  0,00
20:48:53;  3,65;  0,70;   0,0;  0,71;  0,78;   3,5;   4,9;   5,3;   4,6;     0;  0,00
20:49:22;  3,65;  0,60;   0,0;  0,71;  0,77;   3,4;   4,9;   5,3;   4,6;     0;  0,00
20:49:52;  3,65;  0,70;   0,0;  0,71;  0,78;   3,4;   4,9;   5,3;   4,6;     0;  0,00
20:50:21;  3,65;  0,60;   0,0;  0,71;  0,77;   3,4;   4,9;   5,3;   4,6;     0;  0,00
20:50:52;  3,65;  0,70;   0,0;  0,71;  0,78;   3,4;   4,9;   5,3;   4,6;     0;  0,00
20:51:23;  3,65;  0,70;   0,0;  0,71;  0,78;   3,4;   4,8;   5,3;   4,6;     0;  0,00
20:51:52;  3,65;  0,70;   0,0;  0,71;  0,78;   3,4;   4,9;   5,3;   4,6;     0;  0,00
20:52:23;  3,65;  0,60;   0,0;  0,72;  0,78;   3,4;   4,8;   5,3;   4,6;     0;  0,00
20:52:27;  3,75;  0,70;   0,0;  0,71;  0,78;   3,4;   4,9;   5,3;   4,6;     0;  0,10
20:52:59;  3,75;  0,70;   0,0;  0,71;  0,78;   3,4;   4,9;   5,3;   4,6;     0;  0,00
20:53:03;  3,70;  0,70;   0,0;  0,71;  0,78;   3,4;   4,9;   5,3;   4,6;     0; -0,05
20:53:34;  3,70;  0,70;   0,0;  0,71;  0,78;   3,4;   4,9;   5,3;   4,6;     0;  0,00
20:54:04;  3,70;  0,70;   0,0;  0,71;  0,78;   3,4;   4,8;   5,3;   4,6;     0;  0,00
20:54:33;  3,70;  0,70;   0,0;  0,71;  0,78;   3,4;   4,8;   5,3;   4,6;     0;  0,00
20:55:04;  3,70;  0,70;   0,0;  0,71;  0,78;   3,4;   4,8;   5,4;   4,6;     0;  0,00
20:55:35;  3,70;  0,70;   0,0;  0,71;  0,78;   3,4;   4,8;   5,4;   4,6;     0;  0,00
20:56:04;  3,70;  0,70;   0,0;  0,71;  0,78;   3,4;   4,9;   5,4;   4,6;     0;  0,00
20:56:34;  3,70;  0,70;   0,0;  0,71;  0,78;   3,4;   4,8;   5,4;   4,6;     0;  0,00
20:57:03;  3,70;  0,60;   0,0;  0,72;  0,78;   3,4;   4,8;   5,4;   4,6;     0;  0,00
20:57:07;  3,80;  0,60;   0,0;  0,72;  0,78;   3,4;   4,8;   5,4;   4,6;     0;  0,10
20:57:38;  3,90;  0,80;   0,0;  0,71;  0,79;   3,4;   4,9;   5,4;   4,6;     0;  0,10
20:58:09;  3,85;  0,90;   0,0;  0,70;  0,79;   3,4;   4,8;   5,4;   4,6;     0; -0,05
20:58:39;  3,80;  0,70;   0,0;  0,71;  0,78;   3,4;   4,9;   5,4;   4,6;     0; -0,05
20:59:10;  3,80;  0,80;   0,0;  0,71;  0,79;   3,4;   4,8;   5,4;   4,6;     0;  0,00
20:59:14;  3,75;  0,80;   0,0;  0,71;  0,79;   3,4;   4,8;   5,4;   4,6;     0; -0,05
20:59:45;  3,70;  0,80;   0,0;  0,71;  0,79;   3,3;   4,9;   5,4;   4,6;     0; -0,05
21:00:16;  3,65;  0,70;   0,0;  0,72;  0,79;   3,3;   4,9;   5,4;   4,6;     0; -0,05
21:00:47;  3,65;  0,60;   0,0;  0,72;  0,78;   3,3;   4,8;   5,4;   4,6;     0;  0,00
21:00:52;  3,75;  0,60;   0,0;  0,72;  0,78;   3,3;   4,9;   5,4;   4,6;     0;  0,10
21:01:22;  3,85;  0,80;   0,0;  0,71;  0,79;   3,3;   4,9;   5,4;   4,6;     0;  0,10
21:01:53;  3,80;  0,80;   0,0;  0,71;  0,79;   3,3;   4,9;   5,4;   4,6;     0; -0,05
21:02:24;  3,75;  0,80;   0,0;  0,71;  0,79;   3,3;   4,9;   5,4;   4,6;     0; -0,05
21:02:55;  3,70;  0,80;   0,0;  0,71;  0,79;   3,3;   4,9;   5,4;   4,6;     0; -0,05
21:03:25;  3,65;  0,60;   0,0;  0,72;  0,78;   3,3;   4,9;   5,4;   4,6;     0; -0,05
21:03:54;  3,75;  0,60;   0,0;  0,72;  0,78;   3,3;   4,9;   5,4;   4,7;     0;  0,10
21:04:24;  3,85;  0,80;   0,0;  0,71;  0,79;   3,4;   4,9;   5,4;   4,6;     0;  0,10
21:04:55;  3,80;  0,90;   0,0;  0,70;  0,79;   3,4;   4,9;   5,4;   4,6;     0; -0,05
21:05:26;  3,75;  0,80;   0,0;  0,71;  0,79;   3,4;   4,8;   5,4;   4,7;     0; -0,05
21:05:55;  3,70;  0,70;   0,0;  0,71;  0,78;   3,4;   4,9;   5,4;   4,6;     0; -0,05
21:06:25;  3,65;  0,60;   0,0;  0,72;  0,78;   3,4;   4,9;   5,4;   4,6;     0; -0,05
21:06:55;  3,75;  0,80;   0,0;  0,71;  0,79;   3,4;   4,9;   5,4;   4,7;     0;  0,10
21:07:26;  3,70;  0,80;   0,0;  0,71;  0,79;   3,4;   4,9;   5,3;   4,7;     0; -0,05
21:07:54;  3,65;  0,60;   0,0;  0,72;  0,78;   3,4;   4,8;   5,3;   4,6;     0; -0,05
